103
AB620030.1  0.0000000 1.4573441 1.4690635 1.4194760 1.8067222 0.6671827 0.1472580 0.7307558 1.4253366 1.9399902 1.9332013 2.2769770 4.4420134 1.5278550 1.0318859 2.1670641 1.4221390 1.4437093 0.8167244 0.6365458 1.4246501 1.5169630 1.5797310 1.1269514 2.5113670 1.2905798 1.4217706 2.1651745 2.0702933 2.5868916 2.4406607 2.5250070 2.4272170 2.3537472 1.8481773 1.0181963 1.7736370 1.4671149 0.6631871 1.1087330 0.8330866 2.0912048 2.0002848 1.8297771 1.5938513 1.1989454 1.1669411 0.9244325 1.1210726 2.3092915 1.4414507 1.4239874 0.9532771 1.9021956 2.1009607 2.2947393 1.5560011 1.4112932 2.7129318 1.9434852 2.1429309 1.9448554 2.0350678 1.3925645 2.0889982 0.6636837 1.1386691 0.7846658 1.7992389 2.0906710 1.4503872 1.5449606 1.0827894 1.4567022 0.8059311 1.9222582 0.3367722 1.3938717 1.5237427 1.4704229 1.9945982 0.3762415 0.4135258 1.9434852 1.4595409 1.9021956 1.1690101 1.4116486 2.0906710 1.8287612 2.3059106 2.0717986 2.3272958 2.1140921 1.9570107 2.0465739 2.0465739 1.4634597 1.4677803 0.6542544 2.0541694 2.9077009 2.7845657 
AB620102.1  1.4573441 0.0000000 0.5942898 0.9893746 0.7974625 1.2607404 1.4742868 1.5195727 1.4976244 2.2396522 2.2094223 2.3020726 8.0947270 0.7155645 1.3897468 2.0827668 0.7243351 0.7128053 1.4970671 1.4739860 0.6988093 0.9679630 0.9338065 1.5744013 2.3908753 1.4040794 0.9943917 2.3287084 2.2475383 3.2759243 3.8074840 3.9744409 3.8199648 3.9128748 1.8694633 1.4880496 1.3027593 1.6141433 1.4877801 1.6580975 1.0987952 1.7044371 1.7143081 1.8076189 1.5087956 1.1485426 1.1727158 1.3645690 1.5866680 2.3728065 0.9830285 0.9771428 1.3775540 2.0096932 2.0781912 2.5022944 1.7609682 0.9360286 1.2486766 2.1880586 2.0983980 2.2302575 2.0206723 1.1426129 0.9963333 1.5050844 1.6153548 2.3393508 1.8672942 2.1139734 0.8859114 5.6435841 6.7664619 0.9889819 1.2753720 2.7091487 1.4467616 0.9239611 0.7154397 0.9400599 1.0789822 1.3454437 1.2367940 2.1880586 0.7300013 2.0096932 1.7455222 0.8941383 2.1139734 1.9443653 2.4198306 2.3269295 2.2841363 2.3256421 2.4485459 2.5008059 2.5008059 0.6456570 0.6462209 1.7763423 1.7929291 3.0593112 2.8932965 
AB620105.1  1.4690635 0.5942898 0.0000000 0.9299315 0.8485749 2.0112383 1.4918258 1.7140705 2.0734278 2.3400502 2.3742492 2.3321109 5.1422041 0.6604794 1.3135650 2.0999172 0.6870543 0.6911125 1.2245450 1.3470329 0.7057049 1.0053899 1.1070973 1.5832090 2.7745087 1.4295853 0.9991765 2.1557370 2.1865858 3.4386547 2.9141548 2.7704753 2.7679292 2.8417472 1.9129308 1.5986250 1.4331586 1.5968332 1.4903293 1.6320375 1.0483111 1.7850172 1.7284642 2.3238220 1.8421191 1.2014193 1.2247395 1.4111179 1.5353445 2.7235297 0.9065065 0.9234206 1.5042073 1.9997657 2.1216350 2.4411001 1.5865835 0.9215266 1.4478963 2.0879176 2.1530554 2.3271800 1.9140790 1.3781014 1.1493957 1.5245766 1.6403442 2.5313754 1.8634434 2.1769060 0.8927954 8.9999981 8.9999981 0.9143895 1.4984243 2.7147020 1.3488470 0.8971308 0.6866072 0.9347963 1.4250926 1.8673241 1.7734037 2.0879176 0.7045367 1.9997657 1.4964103 0.8592591 2.1769060 1.9738035 2.4305724 2.1093003 2.4098111 2.1050338 2.1013771 2.1959139 2.1959139 0.6069756 0.6077547 1.6831233 1.8119830 3.0502628 2.7808247 
AB677488.1  1.4194760 0.9893746 0.9299315 0.0000000 1.0037988 1.7331522 1.4083117 1.9846261 1.4598005 2.0097182 1.9914835 2.2555585 8.2183921 0.9613893 1.4582463 2.3332202 0.9424773 0.9201563 1.0998508 1.5041412 0.9586447 1.0181240 0.6946791 1.5761629 2.5107612 1.3708367 0.4593722 2.2139297 2.1116389 4.5165393 2.9415136 3.1891600 3.0649517 3.1478729 1.7904006 1.4238487 1.8025976 1.7718289 1.5013301 1.5607279 1.1680422 2.4348348 2.5035590 1.9513617 1.5442735 1.1275454 1.1265556 1.5207011 1.4817478 2.7590470 0.5602465 0.5220492 1.5575934 1.9528227 2.2731139 2.6490199 1.5619674 0.8423690 1.3158415 2.2039291 2.2602072 2.0242827 2.2621605 1.5355276 0.9160431 1.4697343 1.6460321 3.1201190 1.8463619 2.1421204 0.5884379 8.9999988 8.9999981 0.5601248 1.2209787 2.7804151 1.4122732 0.4118330 0.9702973 0.5744454 1.0603410 2.8263184 2.4999808 2.2039291 0.9311610 1.9528227 1.5800619 1.4866011 2.1421204 1.8580034 2.3461571 2.6914322 2.6762692 2.6140126 2.6822903 2.7414302 2.7414302 0.9688785 0.9713468 2.6612999 1.9439681 3.6145669 3.4058624 
AF005729.1  1.8067222 0.7974625 0.8485749 1.0037988 0.0000000 1.9529098 1.9071655 2.4709855 1.4958089 2.1089370 1.8554742 1.7917133 6.7912902 0.6707550 1.9035787 3.0492125 1.0303164 0.7197398 1.3002526 2.0409702 0.8147214 1.3430307 1.0344591 1.9341248 2.4167947 1.6555695 1.1962234 1.9272532 1.7574741 4.1187401 4.1479105 4.5726409 4.5766696 4.2695415 2.0678811 2.4721134 2.7950322 1.6969185 1.6279058 1.8735295 1.6131039 2.7493751 2.8870292 2.8206290 2.0673173 1.8909727 1.8922931 2.0242606 1.9980645 2.3466971 1.1231488 1.0582501 1.4229778 2.0689912 2.8585829 2.6651630 2.2586972 0.9623232 1.0761343 2.3817078 2.4142000 2.0520697 2.1117526 2.0154941 0.8367845 1.6962916 1.9658031 3.0802201 1.8240430 1.6958579 0.8657426 8.9999983 7.8780613 0.9581075 1.9785159 1.8579077 1.7891593 1.1957267 0.5840072 0.9145130 1.0080591 2.4075973 2.3830931 2.3817078 1.0249205 2.0689912 1.6008322 0.8365808 1.6958579 1.9254039 2.1087718 2.9653191 2.6511941 2.8360529 2.7640800 2.9226547 2.9226547 0.7637372 0.7637372 2.4099694 2.3097389 3.3583860 3.1713524 
AM998806.1  0.6671827 1.2607404 2.0112383 1.7331522 1.9529098 0.0000000 0.7665971 0.7471213 1.3759680 2.0224936 1.7145165 1.9462795 5.7020268 1.5709770 0.8536714 2.3389220 1.5453907 2.0960956 1.0103985 0.9117095 1.9159883 1.5240698 1.4651699 1.0693288 2.5128279 1.3903671 1.6964118 1.8809640 1.8334419 1.7560629 3.1811049 3.0081511 3.1174446 3.2703291 2.2203635 1.2273425 1.9862912 1.0104212 0.4697278 1.5443368 0.9659303 2.7388154 3.5734825 2.4860683 2.0810088 1.8796411 1.8457928 0.7770976 1.0933010 1.6960945 1.4249521 2.1440721 1.0417700 2.3481449 2.0929062 2.0748765 2.0845873 1.1210849 3.0535204 2.0909116 2.1990604 2.1083582 1.6846844 2.0571721 1.6978347 0.4338377 1.1401625 0.8392796 1.8859338 2.5450028 1.6676982 1.6174933 1.0349342 1.5161055 0.7758207 2.3687244 0.7163996 1.7462116 1.0897339 1.2276914 1.7203357 0.7830047 0.7490798 2.0909116 1.7361129 2.3481449 1.1667516 1.2363468 2.5450028 2.2418429 3.3471341 2.0701683 2.2383683 2.0805480 2.1096211 2.2042729 2.2042729 1.2235022 1.2235022 0.8499343 1.5174684 2.5808137 2.5870327 
AY675354.1  0.1472580 1.4742868 1.4918258 1.4083117 1.9071655 0.7665971 0.0000000 0.8831524 1.3001479 1.9336097 1.9730604 2.1393592 5.1700077 1.4649643 1.0559459 2.1390411 1.4340578 1.4374015 0.9625572 0.6269207 1.4213486 1.5441622 1.5724115 1.0921496 2.5986884 1.3328134 1.4684446 2.1592235 2.0688315 3.0268229 2.3631816 2.1653023 2.0831219 2.2195156 1.8172849 0.9661839 1.6973826 1.3836887 0.6820675 1.1344961 0.8308046 2.0525998 2.0768993 1.9136815 1.6931820 1.2511845 1.2556968 0.9326414 1.1296258 2.0925732 1.4551731 1.4542374 0.9541760 1.8925923 2.1856615 2.1812342 1.5934848 1.4250280 2.4150476 2.0292063 2.1221054 2.0040927 2.1180482 1.3324536 1.7232622 0.6516951 1.1419486 0.8543191 1.7702070 2.0783939 1.4921289 2.0964373 1.6527900 1.4697218 0.8147926 2.0900570 0.3468456 1.3483464 1.5396606 1.4724492 2.1110189 0.4597968 0.4737122 2.0292063 1.4456286 1.8925923 1.1641390 1.7389644 2.0783939 1.8636176 2.2219822 2.2025607 2.4917186 2.3097894 2.0803913 2.1753238 2.1753238 1.4859787 1.4873365 0.6911205 2.0551789 2.6627642 2.6422966 
DQ268652.1  0.7307558 1.5195727 1.7140705 1.9846261 2.4709855 0.7471213 0.8831524 0.0000000 1.5927234 3.2344859 2.4980997 1.8262540 5.6380708 1.8491003 0.7543532 2.4077537 1.6772290 1.6205020 0.9775820 0.9425121 1.6383867 1.7700402 1.5588101 1.1375030 2.8411300 1.9219777 1.8962428 2.2538992 2.1665874 3.4269420 4.0489436 3.9950730 4.0801681 3.7705285 1.5433044 1.3819433 2.5761911 1.0604062 1.1202286 1.4561555 0.8588571 3.2958594 3.1806834 2.6945681 2.1251174 1.7954908 1.7288089 0.9848653 1.2221350 2.4538811 1.6411768 1.6987839 0.9751616 2.0732550 2.5635449 2.7392118 2.4941007 1.2966206 3.0280126 2.4781776 3.0528980 3.1960007 2.1733814 2.6083609 1.9358236 0.8350745 1.5722710 0.9784824 1.7607792 2.4985862 1.5121863 3.3476466 3.1641927 1.6836376 1.0405245 3.2891546 0.7310874 1.9195092 1.4573617 1.6935670 2.2119554 1.1584100 1.0730773 2.4781776 1.6850595 2.0732550 1.3109980 1.9390181 2.4985862 2.0017451 2.6414220 3.0267011 2.9191276 3.0127455 3.0562397 3.2360252 3.2360252 1.5533910 1.5533910 0.9306752 1.7405666 3.5112460 3.5318997 
EF050454.1  1.4253366 1.4976244 2.0734278 1.4598005 1.4958089 1.3759680 1.3001479 1.5927234 0.0000000 1.5046347 1.5759661 1.4192469 6.3206552 1.7215905 1.2011096 3.0031823 1.6996056 1.8125057 0.9220381 1.7244944 1.7429204 1.9260401 1.8231591 1.0581816 3.1975486 2.4813231 1.6403444 2.1400980 2.1255780 3.6503839 2.6897952 2.8616856 2.8592565 2.7649127 2.2172254 1.4703738 2.8808163 1.4051084 1.6738002 0.7778114 1.3583771 3.3272250 4.3681907 3.0754096 2.0562699 1.6245523 1.7101518 1.0192736 1.3026733 2.8971554 1.4490090 1.5358507 0.9967827 2.2642808 2.7269330 2.7221282 2.5026945 1.3394066 2.7109914 2.4485348 2.6155078 1.5378230 2.2456272 2.8474589 1.2419529 1.4171665 1.2322420 1.9278216 2.1289678 2.2343556 1.1539274 4.0930462 3.5756625 1.2766028 1.1319581 3.2658143 1.6606655 1.4194409 1.6292237 1.4485690 2.0631855 1.9142074 1.9038634 2.4485348 1.8680378 2.2642808 1.0807340 1.7381911 2.2343556 2.4390136 3.2530124 2.8629874 2.7346916 2.8246039 2.6467474 2.7547731 2.7547731 2.1369507 2.1369507 1.6148281 2.3987819 3.4541471 3.3148974 
EF641806.1  1.9399902 2.2396522 2.3400502 2.0097182 2.1089370 2.0224936 1.9336097 3.2344859 1.5046347 0.0000000 0.1460320 0.7302588 4.2066532 2.1647450 2.0420788 2.0319071 2.0865222 2.1610756 1.4790631 2.0284322 2.1960928 2.0246394 2.4369603 2.0902653 2.1698544 1.1832793 2.0506886 1.1852709 1.0119682 2.4386799 2.1204629 2.2832192 2.4502633 2.2551892 1.7455453 1.8149794 1.2795282 1.7272147 2.0307512 2.2992344 1.6193304 1.3654886 1.4268828 1.7268981 1.2362137 1.0370768 0.9892674 2.2012506 2.4902467 1.6777315 2.1993924 2.1647441 2.0593745 1.8545402 1.9360733 1.2944585 1.5904737 2.1830973 4.4840157 1.8435580 1.9069904 0.0248859 1.7517461 1.2997513 2.0501650 2.0517925 2.3001640 2.8283774 1.9999714 1.9395586 2.1211060 8.9999982 8.4493007 2.0200460 1.7667250 1.4923352 1.9895659 2.0205538 2.1627890 2.0473134 3.1489136 3.4042155 3.7781767 1.8435580 2.1742737 1.8545402 2.4585905 2.4424543 1.9395586 1.8145614 2.4481197 1.3575439 1.2596832 1.3283549 1.3522592 1.3492335 1.3492335 2.2281144 2.2215248 2.7748363 1.8840248 1.5054633 1.4611458 
EF641807.1  1.9332013 2.2094223 2.3742492 1.9914835 1.8554742 1.7145165 1.9730604 2.4980997 1.5759661 0.1460320 0.0000000 0.7408900 4.8106690 2.2166017 1.9842861 1.9733457 2.0916834 2.1560894 1.4704594 2.0508947 2.2350651 2.0074977 2.3111909 2.1714157 1.8651402 1.1421198 2.0808659 1.1678329 1.0248105 2.2775734 2.3199387 2.4103656 2.5861690 2.3804739 1.7416123 2.2948244 1.2675611 1.8430049 2.1113399 2.2445795 1.5927731 1.3117800 1.3922328 1.3854074 1.1187022 0.9818950 0.9632220 2.2285928 2.4621894 1.2821186 2.1895792 2.2148890 2.0777330 1.7997402 1.8937839 1.3235786 1.6236092 2.1761702 4.0741431 1.9329259 1.8937177 0.1450565 1.7987594 1.2054086 1.9871887 2.0193979 2.2606137 2.8921401 1.9326889 1.9933941 2.1106966 6.6973207 8.5075446 2.0553798 1.6986231 1.6206602 2.0534099 2.0810463 2.2317364 2.0632782 2.6004695 3.3483287 3.5229730 1.9329259 2.2323354 1.7997402 2.4357972 2.2357628 1.9933941 1.8037365 2.5608835 1.2984163 1.2881945 1.2866568 1.3212545 1.2901275 1.2901275 2.2607080 2.2539392 2.4685251 1.8452116 1.4545876 1.4117112 
EU001330.1  2.2769770 2.3020726 2.3321109 2.2555585 1.7917133 1.9462795 2.1393592 1.8262540 1.4192469 0.7302588 0.7408900 0.0000000 3.2560472 2.2223484 2.0760565 1.9479984 2.2037554 2.1794852 1.3741297 2.1507519 2.2914835 2.4060028 2.2786205 2.2151097 1.1571478 1.1296866 2.3109680 1.1921751 1.1445069 1.7665406 1.3149432 1.2397101 1.3209788 1.2451806 1.8339882 1.6506301 1.2197966 1.6207937 2.1925506 2.4363532 1.4122585 1.2326682 1.2742736 1.3659535 1.0596259 0.9059528 0.8945254 2.2842074 2.4840167 1.3460980 2.1832464 2.2370246 2.3229475 1.8495928 1.8824176 1.1779464 1.5064747 2.2414871 4.7146815 2.0212187 1.9404160 0.7448657 1.9918397 1.2977541 2.0589903 2.1483812 2.2402758 2.5200946 1.8876515 1.9990138 2.2556945 8.7566643 7.5006771 2.1381622 1.5147910 1.4421630 2.0682554 2.0922249 2.2598649 2.2491915 3.1753617 2.5276667 2.1883192 2.0212187 2.2358429 1.8495928 2.5720474 2.0911622 1.9990138 1.9837704 2.3333526 1.2488016 1.2653399 1.2366799 1.2824498 1.2364800 1.2364800 2.2671693 2.2650289 1.9331015 1.9684645 1.3971290 1.3751460 
EU424341.1  4.4420134 8.0947270 5.1422041 8.2183921 6.7912902 5.7020268 5.1700077 5.6380708 6.3206552 4.2066532 4.8106690 3.2560472 0.0000000 3.9867410 4.7428367 4.2544205 4.7316030 6.9912724 5.0154703 5.6731145 6.4237387 8.9999989 5.4870212 8.3666696 4.4583071 2.8331136 7.6945221 4.1074743 5.0059227 3.5074543 4.0684259 4.7391709 5.1145558 4.4191072 4.6765475 3.3797652 3.6261199 3.5522274 6.0156465 4.8914274 4.4135362 2.7842829 3.3679434 3.8027135 3.0673736 2.9849496 3.0836145 3.8129331 4.2685843 2.8677841 5.9467968 4.1465693 4.5856388 2.7218258 3.5513189 2.4343192 3.4775181 4.0358728 4.8235587 2.7985186 3.3634020 4.1463350 2.2580094 2.1566268 5.7976172 4.7010367 8.9999984 5.6088711 3.9699177 3.0425935 6.0726971 8.5854136 8.9999986 6.3819096 5.5237424 4.2833738 5.0789084 5.6793366 5.4715806 5.1385844 5.6782925 4.8677383 4.9261183 2.7985186 5.4170530 2.7218258 3.5057497 6.2221029 3.0425935 3.2011911 0.7018988 2.3517515 2.4405966 2.3507242 2.3686963 2.3598547 2.3598547 8.5888308 8.5888308 5.9072354 3.2026582 2.4577977 2.4635653 
EU788002.1  1.5278550 0.7155645 0.6604794 0.9613893 0.6707550 1.5709770 1.4649643 1.8491003 1.7215905 2.1647450 2.2166017 2.2223484 3.9867410 0.0000000 1.4078928 2.0739727 0.6432391 0.6254676 1.1938065 1.4626771 0.6301258 0.9896056 0.7985945 1.6156531 1.9992689 1.5826040 0.9534709 2.2423970 2.0344666 3.1011915 3.5758626 3.8970362 3.5791652 3.8455450 1.9032134 1.4804410 1.4118127 1.6479296 1.4869947 1.6035519 1.1346749 1.9446907 1.8759647 1.8005663 1.2764222 0.9418303 0.9429965 1.4577180 1.6607526 3.1967096 0.9375445 0.9196073 1.4810436 1.8968418 2.1158930 2.0944994 1.5479858 0.9602372 0.9587728 2.1121169 2.1795451 2.1907744 1.9713199 1.3040780 0.8915024 1.5184589 1.6766638 2.4796543 1.8877334 2.0593882 0.9239433 6.6779678 8.6216519 0.9216206 1.4316129 2.3792319 1.4175102 0.8991255 0.5817108 0.9714799 1.0040740 2.1796323 2.1265998 2.1121169 0.6322020 1.8968418 1.5785008 0.7356624 2.0593882 1.8606234 2.3452913 2.2312406 2.3885936 2.2286102 2.1059221 2.2708723 2.2708723 0.6836429 0.6831663 2.0719493 1.8630135 2.8982818 2.6195369 
EU929078.1  1.0318859 1.3897468 1.3135650 1.4582463 1.9035787 0.8536714 1.0559459 0.7543532 1.2011096 2.0420788 1.9842861 2.0760565 4.7428367 1.4078928 0.0000000 2.0225077 1.3182159 1.4698066 0.4270955 1.0587900 1.3739402 1.4842113 1.1313254 0.8938440 1.9022793 1.2344598 1.4542417 1.9953427 1.8964294 1.7748290 2.3311215 2.2220431 2.2594777 2.1945783 1.8071953 0.6728461 1.4443103 1.0240003 1.0482455 0.9464551 0.5907546 1.7668066 1.8774401 1.6927521 1.6609806 1.1404970 1.1563590 0.6790801 0.6663043 1.8070190 1.3376247 1.4243908 0.6534567 1.9569553 2.0190210 1.8372817 1.4513145 1.3739794 2.2898523 1.8045140 2.0204559 2.0503246 1.7398108 1.3035962 1.3768923 1.0508483 1.0492315 1.3569393 1.8762013 1.9391851 1.4154937 2.4240063 2.2201051 1.4351944 0.6769446 1.8017167 1.0915282 1.3595165 1.4510046 1.3800048 1.8767530 1.3467821 1.1862240 1.8045140 1.4527919 1.9569553 0.8236407 1.5513468 1.9391851 1.8618099 2.1386262 1.7727710 1.8436432 1.7521475 1.8061606 1.8860815 1.8860815 1.3827082 1.3841735 1.1170060 1.8946554 2.1294290 2.0642699 
FJ593498.1  2.1670641 2.0827668 2.0999172 2.3332202 3.0492125 2.3389220 2.1390411 2.4077537 3.0031823 2.0319071 1.9733457 1.9479984 4.2544205 2.0739727 2.0225077 0.0000000 2.0028246 2.2101092 1.9396836 1.9739675 2.0354804 1.9643076 1.7655182 2.2667987 1.8101569 1.0890976 2.2052614 2.1740318 1.8981661 1.5230759 1.9252882 1.9883876 1.9501677 1.8159584 1.5265437 2.2321247 0.2341707 1.6118892 1.9978879 2.2461472 1.5906598 0.2349123 0.3009224 1.6259684 1.3182950 0.9413185 0.9680647 1.9479786 2.3343903 1.1965882 2.1491152 2.1437136 2.0102386 1.4998800 0.2254099 1.3585719 1.1885951 1.9764222 3.5354436 1.7635010 0.2243999 2.0702943 1.6593058 0.6470584 2.6734064 2.0441595 2.2710464 3.0692968 1.6388050 1.8215776 2.1973854 8.8115200 8.9999980 2.2462180 1.7515113 1.8048479 2.0331407 2.1032977 2.4540831 2.1712403 2.2973715 3.7377451 3.4746428 1.7635010 2.0989195 1.4998800 2.4704558 2.4550596 1.8215776 1.5200324 2.1354018 1.5057037 1.5134333 1.5063129 1.5270765 1.5359190 1.5359190 2.0564418 2.0558025 2.2707369 1.5551387 1.4167807 1.4517135 
FJ858378.1  1.4221390 0.7243351 0.6870543 0.9424773 1.0303164 1.5453907 1.4340578 1.6772290 1.6996056 2.0865222 2.0916834 2.2037554 4.7316030 0.6432391 1.3182159 2.0028246 0.0000000 0.6411044 1.4602644 1.3876272 0.4271572 0.9429966 0.9134477 1.6802884 1.6751851 1.5478177 0.9366697 2.3532686 2.1401819 4.3381651 2.5267002 2.4976843 2.3174688 2.3766696 1.8079561 1.5215874 1.3818182 1.7628562 1.4656831 1.7225605 1.1873433 1.7861217 1.7457483 1.6987531 1.3286662 1.0176834 0.9982986 1.4118242 1.4697563 2.4318447 0.9291260 0.9337709 1.5185024 2.0076270 2.1308153 1.9680808 1.5774457 0.8952155 0.9245903 2.0573923 2.0768405 2.1213541 1.9058988 1.5072843 0.8239432 1.4903198 1.6208164 2.7577146 1.9352658 2.1286527 0.9778060 8.7000540 8.3526215 0.9440399 1.4598812 1.9217955 1.4373171 0.9240303 0.6307386 0.9322845 1.0180706 2.3715193 2.3420537 2.0573923 0.4037408 2.0076270 1.5633873 1.0153455 2.1286527 1.8326562 2.2487842 1.9988387 1.9585813 2.0370469 1.9043256 2.0060377 2.0060377 0.6567718 0.6551612 2.2424566 1.8224513 2.1790738 2.2345414 
GQ200821.1  1.4437093 0.7128053 0.6911125 0.9201563 0.7197398 2.0960956 1.4374015 1.6205020 1.8125057 2.1610756 2.1560894 2.1794852 6.9912724 0.6254676 1.4698066 2.2101092 0.6411044 0.0000000 1.3298284 1.5268118 0.6447293 0.9841544 1.0267984 1.6153151 2.4513649 1.4758187 0.9648995 2.3752689 1.9973099 4.0378317 2.6960436 2.9166726 2.8052825 2.8794998 1.8308559 1.5877258 1.4579759 1.8406431 1.4723114 1.6572503 1.1109159 2.2095389 1.9758091 2.1770449 1.5055970 1.0982478 1.1036471 1.4713080 1.5563843 2.9130566 0.9282592 0.8785533 1.5105257 1.8875414 2.2018725 2.8339367 1.4133554 0.9096101 1.2572423 2.1478303 2.2568354 2.1933223 1.9670587 1.4339304 0.9318834 1.5399423 1.6019665 2.5255799 1.9263524 2.2885556 0.8717877 8.9999986 7.7880923 0.9034351 1.3621033 2.1370691 1.4644351 0.8726491 0.6239275 0.8817191 1.1499954 2.5418769 2.3781938 2.1478303 0.6201408 1.8875414 1.6086389 0.9935070 2.2885556 1.8642015 2.4174967 2.3169559 2.8578695 2.3944287 2.4395499 2.4928516 2.4928516 0.6712624 0.6717778 1.9468273 1.9045432 2.8163055 2.8251692 
GU566021.1  0.8167244 1.4970671 1.2245450 1.0998508 1.3002526 1.0103985 0.9625572 0.9775820 0.9220381 1.4790631 1.4704594 1.3741297 5.0154703 1.1938065 0.4270955 1.9396836 1.4602644 1.3298284 0.0000000 0.9973854 1.2402881 1.4167008 1.2845769 0.5415134 2.6961695 1.6415019 1.1987442 2.0454847 1.1980519 2.1200763 2.3038534 2.3381250 2.1694643 2.2253355 1.2575830 0.5595611 1.8490693 0.7763825 0.9227827 0.8416672 0.4299387 2.1110225 1.9066584 1.8727320 1.2229432 1.0713165 1.1247864 0.8527840 0.5324196 2.2894912 0.9567593 1.0370625 0.3798593 1.2126716 1.6884223 1.5657347 1.5278186 1.0289839 2.0598681 1.7261998 1.8310468 1.5441513 1.2997148 1.1934520 1.3493746 0.8155119 1.1075044 1.2897000 1.2659460 1.4094787 0.9875130 3.5347600 3.8666614 1.2473160 0.6916797 1.7611258 0.8521195 1.2415152 1.2179077 0.9427355 1.2843133 1.1258060 1.0277308 1.7261998 1.3072470 1.2126716 0.8072976 1.8749777 1.4094787 1.5643821 1.8619257 1.6568273 1.6428658 1.6019131 1.6012815 1.7222183 1.7222183 1.4907429 1.4907429 1.0771588 1.5621412 2.1110607 2.0655758 
GU904045.1  0.6365458 1.4739860 1.3470329 1.5041412 2.0409702 0.9117095 0.6269207 0.9425121 1.7244944 2.0284322 2.0508947 2.1507519 5.6731145 1.4626771 1.0587900 1.9739675 1.3876272 1.5268118 0.9973854 0.0000000 1.4108562 1.4788770 1.6213169 1.1355352 2.7619204 1.5264632 1.3855137 2.1716731 2.0555676 2.1156741 2.3588722 2.5489658 2.4970177 2.5166081 1.8170249 1.0271176 1.5879982 1.6751944 0.6325565 1.1305815 0.9481986 1.6707167 1.5605800 1.7947114 1.4135437 1.0836843 1.0781729 0.9666654 1.0483205 2.6098684 1.4209352 1.4431416 1.0137946 1.8651875 1.9584064 1.9638121 1.3914926 1.4709185 3.4111911 1.9471128 1.9696186 2.0322559 2.0202675 1.4939826 1.9016833 0.6526222 1.2393569 1.0447861 1.7756608 2.1203352 1.4433333 0.3209925 0.2815077 1.4742881 0.8272980 2.5320996 0.6282356 1.3290883 1.5004601 1.4390675 1.9316534 1.0256443 0.9941146 1.9471128 1.4696527 1.8651875 1.2639117 1.7404812 2.1203352 1.8914781 2.2212689 2.4376100 1.9972830 2.3659590 2.3027089 2.4067649 2.4067649 1.4291100 1.4358019 0.8702238 1.9104485 2.2818089 2.2112733 
GU997097.1  1.4246501 0.6988093 0.7057049 0.9586447 0.8147214 1.9159883 1.4213486 1.6383867 1.7429204 2.1960928 2.2350651 2.2914835 6.4237387 0.6301258 1.3739402 2.0354804 0.4271572 0.6447293 1.2402881 1.4108562 0.0000000 0.9591318 0.8612143 1.6402274 2.2565927 1.3825853 0.9413441 2.3527849 2.0733630 3.0361004 2.7390196 3.0785257 2.9615465 2.9228402 1.8905731 1.5901940 1.4889857 1.6218536 1.5658504 1.7103871 1.0378085 1.8640603 1.9257266 1.7610062 1.4994265 1.1025133 1.0840378 1.4510531 1.6536180 2.4453913 0.9445174 0.9356428 1.4646952 1.9700430 2.1605709 1.9470705 1.5925190 0.9103775 1.5278229 2.0335096 2.1132065 2.2152185 1.9969987 1.4867668 0.9394696 1.5208623 1.6293251 4.0545051 1.8952134 2.1572594 0.9395232 8.6225679 8.9999988 0.9237605 1.4541794 3.0439155 1.4133914 0.9115903 0.6270996 0.9361779 1.1555646 2.4066374 2.5016168 2.0335096 0.3943251 1.9700430 1.7175115 0.9560388 2.1572594 1.9735567 2.2311472 2.2686027 2.1788676 2.2335844 2.1989188 2.2967380 2.2967380 0.6917111 0.6912147 3.5141721 1.8581411 2.5377312 2.4599764 
HM015222.1  1.5169630 0.9679630 1.0053899 1.0181240 1.3430307 1.5240698 1.5441622 1.7700402 1.9260401 2.0246394 2.0074977 2.4060028 8.9999989 0.9896056 1.4842113 1.9643076 0.9429966 0.9841544 1.4167008 1.4788770 0.9591318 0.0000000 0.8850457 1.4801518 2.0049064 1.2438467 0.9730529 2.4533250 1.9359897 2.2495217 2.5595417 2.8740888 2.9258741 2.6292121 1.8714225 1.3683792 1.3389235 1.8332612 1.4647744 1.5847318 1.1752795 1.5845986 1.7730883 1.8472646 1.3487226 1.1500356 1.1371926 1.4785450 1.6639479 2.0206250 1.0179838 1.0264234 1.6373410 1.9140399 2.0174451 2.5119199 1.7057217 1.0244257 1.5722090 2.0286840 1.9337626 2.0483399 1.8860422 1.4768342 0.9355539 1.5292570 1.6195531 2.0603068 1.9663941 2.1652218 1.0663606 8.9999988 6.0237317 0.9984684 1.1932404 1.8277573 1.5481624 0.9570714 0.9348727 1.0206877 1.0493632 2.3822904 2.0940639 2.0286840 0.9660991 1.9140399 1.6484798 1.2954757 2.1652218 1.8772182 2.4380817 2.5138216 2.5759337 2.4584502 2.4434667 2.5802116 2.5802116 0.9361318 0.9349395 1.5336216 1.8945304 3.0212180 2.8547898 
HQ728461.1  1.5797310 0.9338065 1.1070973 0.6946791 1.0344591 1.4651699 1.5724115 1.5588101 1.8231591 2.4369603 2.3111909 2.2786205 5.4870212 0.7985945 1.1313254 1.7655182 0.9134477 1.0267984 1.2845769 1.6213169 0.8612143 0.8850457 0.0000000 1.4308065 2.3962900 2.1531181 0.6241133 2.9652944 1.8896624 2.7307413 3.0949456 3.3493494 3.2209464 3.1806357 1.6845980 1.6640502 1.9331427 1.6629165 1.7559953 1.6039484 1.4008690 2.2313132 2.4446556 2.3379300 1.6909509 1.3705977 1.4641287 1.3065833 1.4668535 3.2813441 0.7425447 0.7304475 1.0617113 1.6847021 2.0177204 1.9207584 1.8237544 0.8024301 0.3899297 2.2138174 1.8338477 2.3482899 1.5906023 1.8309913 0.6454534 1.1460843 2.2998908 2.4699609 1.6794072 2.7759561 0.5885154 8.9999982 8.9999980 0.6161157 1.5228216 2.6793174 1.6093791 0.6260776 0.8314460 0.5280204 0.2050686 1.8463784 1.8625565 2.2138174 0.9039531 1.6847021 1.8239360 0.6471289 2.7759561 1.9847076 2.1479360 1.9414045 2.0789141 1.9491649 2.0227771 2.0654971 2.0654971 1.0239102 1.0239102 2.0635387 1.7592652 2.3826988 2.3099039 
HQ834697.1  1.1269514 1.5744013 1.5832090 1.5761629 1.9341248 1.0693288 1.0921496 1.1375030 1.0581816 2.0902653 2.1714157 2.2151097 8.3666696 1.6156531 0.8938440 2.2667987 1.6802884 1.6153151 0.5415134 1.1355352 1.6402274 1.4801518 1.4308065 0.0000000 2.6973783 1.2756907 1.5351204 2.2809276 1.9831122 2.9063901 3.7392176 3.1980259 3.2591778 3.6404350 2.0140633 1.0096359 1.6050673 1.2054871 1.1376522 0.7940188 0.7523804 1.9573570 2.0874161 1.9545917 1.6282359 1.3145598 1.3133724 0.9259181 0.9714043 2.6356631 1.6750700 1.6130318 0.9228521 1.9462225 2.3722696 1.7114847 1.8466566 1.5197697 3.0060086 1.9959622 2.3031977 2.1497921 2.0154543 1.5096196 1.6454856 1.2057651 1.2129680 1.2953705 1.9785774 2.2786565 1.5917614 4.4386286 3.7745380 1.6531153 0.7728886 2.5206055 1.1938977 1.6421643 1.6495632 1.5726106 2.0141161 1.1137467 1.0067553 1.9959622 1.7245646 1.9462225 1.1758783 1.3748647 2.2786565 2.0448192 2.3639616 1.8162303 1.7818295 1.7567697 1.7690264 1.8479909 1.8479909 1.5056920 1.5053551 1.1338684 2.1935042 1.9554922 1.9581036 
JN037851.1  2.5113670 2.3908753 2.7745087 2.5107612 2.4167947 2.5128279 2.5986884 2.8411300 3.1975486 2.1698544 1.8651402 1.1571478 4.4583071 1.9992689 1.9022793 1.8101569 1.6751851 2.4513649 2.6961695 2.7619204 2.2565927 2.0049064 2.3962900 2.6973783 0.0000000 1.8057413 2.3681271 1.7653117 1.8286004 2.1726594 1.9426192 1.9816633 2.0485050 1.9921824 1.0505896 2.2715064 2.0503808 2.3711733 2.9928279 2.7901683 2.6444599 1.7332148 1.6583759 1.0792038 1.1391711 1.0806746 1.0683832 2.8942527 2.3672478 1.8867367 2.1362935 2.0688705 2.0288495 1.3521275 2.1875507 0.9520839 1.3200544 2.4598766 3.5308393 2.1044081 1.5547226 2.1212184 0.9812321 1.7305981 2.0903711 2.6226623 3.6589924 4.4077630 1.8447472 1.6156755 2.1990288 8.9999984 8.9999989 2.0623392 3.5778277 1.4773142 2.8736310 3.0340111 2.7155154 2.1179842 1.9597073 3.8722322 4.2350282 2.1044081 2.0275235 1.3521275 1.8102231 3.0825061 1.6156755 0.9693559 2.0579283 1.0098459 0.9249654 0.9968298 1.0455863 1.0212365 1.0212365 2.8289428 2.8289428 3.3012630 1.7360418 1.1575799 1.0823677 
JQ287716.2  1.2905798 1.4040794 1.4295853 1.3708367 1.6555695 1.3903671 1.3328134 1.9219777 2.4813231 1.1832793 1.1421198 1.1296866 2.8331136 1.5826040 1.2344598 1.0890976 1.5478177 1.4758187 1.6415019 1.5264632 1.3825853 1.2438467 2.1531181 1.2756907 1.8057413 0.0000000 1.3572641 1.3114053 1.1215012 1.0617857 1.5756975 1.6330815 1.6587426 1.6146366 1.1294585 1.8365484 0.9993240 1.5638391 1.3224459 1.4787456 1.2283362 1.1491536 1.1628352 1.4054373 1.3328959 1.1205360 1.1178137 1.2128152 1.3087386 0.0000010 1.3754279 1.3363841 1.3836335 1.0668359 1.1407478 1.1010176 0.8967215 1.2741758 3.6696480 1.1021436 1.1209007 1.1736082 0.8297314 0.9755473 2.4026553 1.3707514 1.4611526 2.0920213 1.0667174 1.0758398 1.2456951 4.3244632 5.2541882 1.3648330 1.4337964 1.0798297 1.3754380 1.3452829 1.4878163 1.3243606 2.7748506 2.0011863 2.0090395 1.1021436 1.6130696 1.0668359 1.3183138 2.5659471 1.0758398 1.0335872 1.3962490 1.2917157 1.1053828 1.2624584 1.2442436 1.2513267 1.2513267 1.4667739 1.4667739 1.6483950 1.0701590 1.3194877 1.3210459 
JX028271.1  1.4217706 0.9943917 0.9991765 0.4593722 1.1962234 1.6964118 1.4684446 1.8962428 1.6403444 2.0506886 2.0808659 2.3109680 7.6945221 0.9534709 1.4542417 2.2052614 0.9366697 0.9648995 1.1987442 1.3855137 0.9413441 0.9730529 0.6241133 1.5351204 2.3681271 1.3572641 0.0000000 2.2336542 1.9718827 4.1510127 2.7015659 2.7929636 2.6863601 2.7069187 1.7771497 1.3554873 1.4745680 1.7041335 1.5078547 1.6344534 1.0231510 1.8574798 1.9548342 1.8544670 1.6775970 1.1655972 1.1533013 1.4656678 1.4764680 2.4362149 0.5763758 0.5487832 1.5967243 1.7700226 2.2370425 1.9041427 1.6219041 0.8291654 0.8912082 1.9726462 2.2831598 2.0467860 2.0580504 1.5669372 0.6962284 1.5633623 1.6351929 3.5021761 1.7909673 2.2109735 0.5970254 8.9999983 8.9999990 0.5814907 1.3595315 2.5606455 1.4542756 0.4688767 0.9611780 0.5395599 0.7530612 2.2010938 2.3362683 1.9726462 0.9202186 1.7700226 1.6384558 1.0154422 2.2109735 1.8650172 2.1767946 2.0119890 1.8445488 1.9771756 2.0691716 2.0949100 2.0949100 0.9741424 0.9753592 2.8096447 1.8869996 2.1823967 2.1142998 
JX193697.1  2.1651745 2.3287084 2.1557370 2.2139297 1.9272532 1.8809640 2.1592235 2.2538992 2.1400980 1.1852709 1.1678329 1.1921751 4.1074743 2.2423970 1.9953427 2.1740318 2.3532686 2.3752689 2.0454847 2.1716731 2.3527849 2.4533250 2.9652944 2.2809276 1.7653117 1.3114053 2.2336542 0.0000000 1.0559245 3.0464473 2.1077900 1.9103585 2.0452270 1.9889164 1.8497801 2.0150129 1.3820491 1.9193630 1.9951489 2.3679480 1.5846275 1.5846618 1.7375620 1.8786643 1.6525738 1.2066285 1.1956798 2.2654293 2.4661938 2.4518956 2.3800962 2.3177240 2.1116653 1.9375772 2.1517268 1.3334588 1.7004076 2.2901536 4.8006735 2.0913329 2.1421348 1.1982718 1.7631769 1.6016482 3.1784739 2.1286971 2.2154032 4.2650378 2.0229531 1.9408911 2.2671201 7.2113380 7.1081864 2.1887230 1.7042581 2.0915801 2.1647443 2.1285584 2.2533808 2.2129925 3.2704008 3.2197686 3.1194702 2.0913329 2.2295264 1.9375772 2.3080196 2.2777616 1.9408911 1.9162870 2.4130779 1.2427370 1.3521477 1.2307303 1.2877752 1.2579898 1.2579898 2.2821323 2.2767056 2.8921217 2.1289500 1.3545001 1.4612652 
JX193700.1  2.0702933 2.2475383 2.1865858 2.1116389 1.7574741 1.8334419 2.0688315 2.1665874 2.1255780 1.0119682 1.0248105 1.1445069 5.0059227 2.0344666 1.8964294 1.8981661 2.1401819 1.9973099 1.1980519 2.0555676 2.0733630 1.9359897 1.8896624 1.9831122 1.8286004 1.1215012 1.9718827 1.0559245 0.0000000 2.3498329 2.0799927 2.1778829 2.3362299 2.1342404 1.6746204 1.7612568 1.2196695 2.0141570 1.9318345 2.0614030 1.5197410 1.4152687 1.5928274 1.6251361 1.1189299 0.9170889 0.9306934 1.9570348 2.3027079 2.6196249 2.0793980 2.0715180 1.9529403 1.8232623 1.8449812 1.5644876 1.7131948 2.0320946 2.6463066 1.9045629 1.8174693 1.0091728 1.6313331 1.2218709 1.8969623 2.0084040 2.1988247 2.3874408 2.0076050 1.9529207 1.9879991 5.3936374 7.6924373 2.1385995 1.4043304 1.6817985 2.1718309 2.0001886 2.2546549 1.9377572 2.1766192 2.1836613 2.2324820 1.9045629 2.0245499 1.8232623 2.2066522 1.9123287 1.9529207 1.8140870 2.2144896 1.4656486 1.6170648 1.5002140 1.4487567 1.4890620 1.4890620 2.1215816 2.1182449 1.8895052 1.9082726 1.6868290 1.7293434 
JX465369.1  2.5868916 3.2759243 3.4386547 4.5165393 4.1187401 1.7560629 3.0268229 3.4269420 3.6503839 2.4386799 2.2775734 1.7665406 3.5074543 3.1011915 1.7748290 1.5230759 4.3381651 4.0378317 2.1200763 2.1156741 3.0361004 2.2495217 2.7307413 2.9063901 2.1726594 1.0617857 4.1510127 3.0464473 2.3498329 0.0000000 2.8531074 2.7962847 2.9154425 3.0089222 1.8395477 3.5535445 1.5397400 2.2957057 2.1466374 2.0043702 3.2305985 1.7544207 1.7304541 2.5086218 1.6913139 1.5715824 1.5837978 1.9268087 3.0285807 1.1685668 3.3714199 3.6735824 2.1168770 1.9964367 1.3345869 1.3398432 1.9984856 3.0660996 3.7397432 1.7051523 1.7910303 2.4550746 1.3667569 1.3912666 3.4327656 2.4099567 2.1061606 3.3718787 1.6433687 2.1793649 3.2542038 3.6063965 6.4704860 3.5664892 2.0838484 1.7413702 2.1373527 3.8427434 3.0242419 2.4894903 2.8299762 3.1928079 3.2822215 1.7051523 2.8823641 1.9964367 2.4883478 3.5059792 2.1793649 2.1807504 2.5278522 1.3586473 1.4223606 1.3764928 1.4214978 1.4176825 1.4176825 3.2328539 3.2328539 2.5065751 1.6486633 1.4901483 1.4053122 
JX465379.1  2.4406607 3.8074840 2.9141548 2.9415136 4.1479105 3.1811049 2.3631816 4.0489436 2.6897952 2.1204629 2.3199387 1.3149432 4.0684259 3.5758626 2.3311215 1.9252882 2.5267002 2.6960436 2.3038534 2.3588722 2.7390196 2.5595417 3.0949456 3.7392176 1.9426192 1.5756975 2.7015659 2.1077900 2.0799927 2.8531074 0.0000000 0.0356038 0.0401356 0.0084862 1.8963446 2.6822678 2.6632984 2.2407540 3.0273223 4.3573623 3.3406344 1.7235543 2.7436783 1.6869096 2.1726513 2.1097164 2.2369720 2.2378656 2.8360490 1.5756975 2.5024915 2.7767755 2.3031650 2.1002408 2.4873631 0.7844751 2.3980987 3.0702017 4.1659390 1.9599860 1.8724388 2.1537531 0.7552538 2.0867531 2.2308226 3.2143103 3.6267051 3.2597535 1.7495247 2.0695130 2.5611363 5.1970472 4.3963622 1.9285487 2.5982967 2.0173715 3.3087187 3.0293417 4.0287787 2.2601485 3.4009236 3.4964426 2.8548788 1.9599860 2.8106065 2.1002408 2.5417705 4.2566013 2.0695130 1.8901654 2.6286685 0.8183973 0.8105675 0.7905276 0.7842366 0.8110471 0.8110471 2.6207171 2.6207171 2.6323494 1.1033674 0.9407570 0.9408908 
JX465381.1  2.5250070 3.9744409 2.7704753 3.1891600 4.5726409 3.0081511 2.1653023 3.9950730 2.8616856 2.2832192 2.4103656 1.2397101 4.7391709 3.8970362 2.2220431 1.9883876 2.4976843 2.9166726 2.3381250 2.5489658 3.0785257 2.8740888 3.3493494 3.1980259 1.9816633 1.6330815 2.7929636 1.9103585 2.1778829 2.7962847 0.0356038 0.0000000 0.0127489 0.0260135 1.7502225 2.7895047 2.7019848 2.2457597 2.8226127 4.2648214 3.1737385 1.7178681 2.6809991 1.8419874 2.5157646 2.4400417 2.4550277 2.1501012 2.9166083 1.6330815 2.2980958 2.7821082 2.4399081 2.3004577 2.4327714 0.8463178 2.4919243 3.0185691 4.0915383 1.9997910 1.8341743 2.3196420 0.7597637 2.1451652 2.4514924 3.1005829 3.9455112 3.2583525 1.8792398 1.8452629 2.6269630 5.7893048 4.4126794 2.1540490 2.5426639 2.1317685 3.3137949 2.9911920 3.8532783 2.2343036 3.7559953 3.4684308 2.8730452 1.9997910 2.8737676 2.3004577 2.7497443 4.3684703 1.8452629 2.1808493 2.7367607 0.8234758 0.8449078 0.7954862 0.8175602 0.8160632 0.8160632 2.4951752 2.4951752 2.7411480 1.1063128 0.9463649 0.9465132 
JX465382.1  2.4272170 3.8199648 2.7679292 3.0649517 4.5766696 3.1174446 2.0831219 4.0801681 2.8592565 2.4502633 2.5861690 1.3209788 5.1145558 3.5791652 2.2594777 1.9501677 2.3174688 2.8052825 2.1694643 2.4970177 2.9615465 2.9258741 3.2209464 3.2591778 2.0485050 1.6587426 2.6863601 2.0452270 2.3362299 2.9154425 0.0401356 0.0127489 0.0000000 0.0304194 1.7780328 2.6854414 2.7483669 2.4151781 2.9272950 4.6413001 2.9369380 1.7453639 2.7273555 1.8073161 2.5585656 2.4810348 2.4966119 2.1076368 2.8028519 1.6587426 2.2134649 2.6765332 2.3480173 2.3384703 2.4739633 0.9016224 2.5788057 3.0739461 3.9188014 2.0327332 1.7994539 2.4898855 0.8086907 2.1804793 2.3603980 3.3480677 4.0274739 3.3232732 1.9094449 1.9743416 2.5288771 6.2662902 4.7358690 2.0746524 2.4901049 2.1664767 3.3780841 2.8775118 3.9318956 2.0760943 3.4626903 3.3249582 2.7600935 2.0327332 2.8134602 2.3384703 2.9604758 4.7773792 1.9743416 2.2167820 2.9421001 0.8780981 0.9008593 0.8488992 0.8716606 0.8699889 0.8699889 2.4024627 2.4024627 2.7909681 1.0713527 1.0095963 1.0099045 
JX465383.1  2.3537472 3.9128748 2.8417472 3.1478729 4.2695415 3.2703291 2.2195156 3.7705285 2.7649127 2.2551892 2.3804739 1.2451806 4.4191072 3.8455450 2.1945783 1.8159584 2.3766696 2.8794998 2.2253355 2.5166081 2.9228402 2.6292121 3.1806357 3.6404350 1.9921824 1.6146366 2.7069187 1.9889164 2.1342404 3.0089222 0.0084862 0.0260135 0.0304194 0.0000000 1.7914373 2.7547747 2.5069698 2.3016172 2.9502993 4.4817301 3.1305686 1.6280464 2.5798589 1.7900895 2.3110862 2.2430919 2.3802648 2.2430527 2.7650288 1.6146366 2.3544895 2.8536116 2.3656673 2.1933643 2.3414408 0.8316912 2.4614321 3.1560227 4.0504595 2.0110317 1.7676289 2.2910523 0.7998417 2.1409882 2.3756587 3.3049796 3.8947287 3.3575351 1.8571819 1.9536561 2.4998257 5.7814549 4.8822240 2.0521482 2.6036119 2.0335506 3.4039466 2.9540725 4.1456534 2.1291037 3.4958560 3.3528890 2.6737680 2.0110317 2.8889939 2.1933643 2.6611963 4.6032852 1.9536561 2.0074431 2.8003046 0.8682718 0.8599716 0.8392552 0.8320761 0.8602800 0.8602800 2.4642116 2.4642116 2.7062389 1.0452467 0.9637827 0.9639776 
JX912953.2  1.8481773 1.8694633 1.9129308 1.7904006 2.0678811 2.2203635 1.8172849 1.5433044 2.2172254 1.7455453 1.7416123 1.8339882 4.6765475 1.9032134 1.8071953 1.5265437 1.8079561 1.8308559 1.2575830 1.8170249 1.8905731 1.8714225 1.6845980 2.0140633 1.0505896 1.1294585 1.7771497 1.8497801 1.6746204 1.8395477 1.8963446 1.7502225 1.7780328 1.7914373 0.0000000 1.5968041 1.1686357 1.6480694 1.9256474 1.9607185 1.4882562 1.6611035 1.3473886 0.2895412 0.4145662 0.3814152 0.3953692 1.7982496 1.9757671 1.8776831 1.8225782 1.7055830 1.9173906 0.8559867 1.5483583 1.8391765 0.7298755 1.8313188 2.8471788 1.2876255 1.4759275 1.7799670 1.5711175 0.9932227 2.7089604 1.9652614 1.8730578 3.2195626 0.9295655 1.3332711 1.7207204 6.3960406 7.5930783 1.8266997 1.3260748 1.3095153 1.8636195 1.7682522 1.9030650 1.7651833 1.9969975 2.8508205 2.7068811 1.2876255 1.7747005 0.8559867 2.1224247 2.2316987 1.3332711 0.4252262 1.7319848 1.7563506 1.8458187 1.7363583 1.8704886 1.8250748 1.8250748 1.8967409 1.8890343 2.2514926 1.3169863 2.0135490 1.9538641 
JX990941.1  1.0181963 1.4880496 1.5986250 1.4238487 2.4721134 1.2273425 0.9661839 1.3819433 1.4703738 1.8149794 2.2948244 1.6506301 3.3797652 1.4804410 0.6728461 2.2321247 1.5215874 1.5877258 0.5595611 1.0271176 1.5901940 1.3683792 1.6640502 1.0096359 2.2715064 1.8365484 1.3554873 2.0150129 1.7612568 3.5535445 2.6822678 2.7895047 2.6854414 2.7547747 1.5968041 0.0000000 1.8323640 1.0302356 1.0005464 0.9727331 0.6297129 1.8814819 1.9190926 2.4037428 1.5647411 1.4464863 1.4698248 0.7558383 0.4472888 2.7828261 1.3887563 1.3604526 0.4957620 1.4599616 1.9362516 2.1872023 2.7189350 1.6427202 2.0347721 1.6292105 2.1157886 1.9313411 1.6889475 2.5390715 1.3349239 0.7947454 0.9888780 1.2919326 1.4427402 1.4780756 1.3529094 2.9247099 4.6343282 1.0360545 0.6531037 2.5936807 1.0118982 0.9882189 1.3983776 1.2806794 1.4586861 1.0529736 1.0144595 1.6292105 1.4984879 1.4599616 0.8768241 2.0228475 1.4780756 1.4446571 1.5840995 2.3102119 2.2221234 2.3255774 2.3019496 2.4038076 2.4038076 1.6950314 1.6950314 1.1940260 1.9615898 2.5278085 2.5337808 
JX990946.1  1.7736370 1.3027593 1.4331586 1.8025976 2.7950322 1.9862912 1.6973826 2.5761911 2.8808163 1.2795282 1.2675611 1.2197966 3.6261199 1.4118127 1.4443103 0.2341707 1.3818182 1.4579759 1.8490693 1.5879982 1.4889857 1.3389235 1.9331427 1.6050673 2.0503808 0.9993240 1.4745680 1.3820491 1.2196695 1.5397400 2.6632984 2.7019848 2.7483669 2.5069698 1.1686357 1.8323640 0.0000000 1.5402350 1.4024437 1.6050120 1.3930457 0.2407242 0.2992473 2.0009154 1.2739056 1.0711803 1.0823825 1.3989829 1.4821168 1.0237057 1.3112578 1.6288779 1.5710263 0.9733800 0.0338065 1.4567551 1.3939249 1.2951886 2.4746210 0.9704284 0.2044386 1.3033261 1.1388193 0.4440995 2.7177825 1.5028489 1.8767741 2.7591510 1.0538630 1.2689422 1.3627141 8.1959204 8.9999989 1.5049898 1.9007373 1.5288201 1.5637208 1.5248460 1.4258428 1.4234739 2.8270476 3.1843104 3.0526411 0.9704284 1.2579208 0.9733800 1.5186832 2.6875168 1.2689422 1.1655949 1.3506101 1.3324165 1.4880284 1.3308485 1.4169018 1.4249176 1.4249176 1.3742055 1.3742055 2.1717330 1.0894789 1.4370905 1.3830086 
JX990965.1  1.4671149 1.6141433 1.5968332 1.7718289 1.6969185 1.0104212 1.3836887 1.0604062 1.4051084 1.7272147 1.8430049 1.6207937 3.5522274 1.6479296 1.0240003 1.6118892 1.7628562 1.8406431 0.7763825 1.6751944 1.6218536 1.8332612 1.6629165 1.2054871 2.3711733 1.5638391 1.7041335 1.9193630 2.0141570 2.2957057 2.2407540 2.2457597 2.4151781 2.3016172 1.6480694 1.0302356 1.5402350 0.0000000 1.1902218 1.3926912 0.8205629 1.5710257 1.8800057 2.3139116 1.5293515 1.5488108 1.5490479 1.1199020 1.2053309 1.8911314 1.8155275 1.7689039 1.0140660 1.5351597 1.5378527 1.7957281 1.8020237 1.5058009 2.1505507 2.0039180 1.7797194 1.7245001 1.4725165 2.7185431 1.8312717 1.2755414 1.5160912 0.9773807 1.8521643 1.5183989 1.6200244 2.3757172 3.0017229 1.4960724 1.0942212 2.1265995 1.3726875 1.7292277 1.3045659 1.5443715 1.9632858 0.9257334 0.8388847 2.0039180 1.4476295 1.5351597 1.2289666 2.0221957 1.5183989 1.4865581 1.0592631 1.6416915 1.8346911 1.6442861 1.5667398 1.6856690 1.6856690 1.7674031 1.7674031 0.8684078 1.6028816 2.1189925 1.9875850 
