103
AB620030.1  0.0000000 1.4450885 1.4564253 1.4077224 1.7890637 0.6636980 0.1471539 0.7266404 1.4132413 1.9214215 1.9145746 2.2535033 4.3867564 1.5145429 1.0244372 2.1451133 1.4101499 1.4314901 0.8105931 0.6328800 1.4126465 1.5041081 1.5665793 1.1184289 2.4853022 1.2800573 1.4099764 2.1427156 2.0493324 2.5566691 2.4124171 2.4961353 2.3989624 2.3271290 1.8303935 1.0104390 1.7556298 1.4542507 0.6594341 1.1005851 0.8279831 2.0699486 1.9805631 1.8119213 1.5792833 1.1893205 1.1575946 0.9181047 1.1124620 2.2871030 1.4294852 1.4120625 0.9466018 1.8842593 2.0795991 2.2726424 1.5422320 1.3998046 2.6862352 1.9248740 2.1210220 1.9263126 2.0148314 1.3803763 2.0708884 0.6599123 1.1304743 0.7795073 1.7825692 2.0697217 1.4380528 1.5308953 1.0749461 1.4445473 0.8013070 1.9028180 0.3358174 1.3822023 1.5105892 1.4581427 1.9763901 0.3751120 0.4123014 1.9248740 1.4470547 1.8842593 1.1599888 1.3994560 2.0697217 1.8115175 2.2826265 2.0510163 2.3040243 2.0924440 1.9376867 2.0265128 2.0265128 1.4508636 1.4551378 0.6500452 2.0331688 2.8782169 2.7565150 
AB620102.1  1.4450885 0.0000000 0.5911092 0.9825825 0.7926575 1.2513337 1.4616226 1.5083403 1.4840343 2.2162851 2.1866044 2.2779610 7.9829945 0.7114147 1.3783015 2.0622164 0.7201473 0.7087393 1.4846351 1.4612975 0.6948123 0.9612428 0.9280086 1.5605459 2.3684381 1.3920624 0.9875888 2.3037323 2.2239552 3.2434717 3.7631566 3.9268966 3.7731845 3.8670514 1.8518006 1.4746227 1.2916163 1.5993491 1.4749853 1.6432623 1.0906138 1.6880690 1.6974131 1.7900933 1.4950960 1.1396233 1.1635268 1.3532519 1.5726952 2.3487935 0.9762777 0.9703345 1.3661150 1.9897611 2.0576648 2.4803624 1.7444364 0.9297383 1.2391057 2.1653630 2.0774430 2.2070266 2.0005105 1.1345314 0.9901323 1.4921978 1.6016031 2.3169649 1.8499088 2.0923953 0.8800814 5.5683747 6.6486111 0.9821497 1.2653551 2.6795112 1.4343898 0.9178204 0.7111838 0.9335348 1.0718192 1.3355995 1.2283190 2.1653630 0.7258517 1.9897611 1.7295655 0.8890577 2.0923953 1.9253933 2.3944378 2.3059273 2.2638391 2.3046096 2.4254071 2.4775490 2.4775490 0.6420050 0.6425608 1.7614134 1.7758770 3.0298760 2.8653865 
AB620105.1  1.4564253 0.5911092 0.0000000 0.9236177 0.8433807 1.9918198 1.4788307 1.6979650 2.0520687 2.3151884 2.3488547 2.3075151 5.0829142 0.6567595 1.3028111 2.0790372 0.6831733 0.6873214 1.2140037 1.3355469 0.7016084 0.9981347 1.0997647 1.5692009 2.7435069 1.4168075 0.9922651 2.1335252 2.1639266 3.4024738 2.8814323 2.7398175 2.7368682 2.8101207 1.8942151 1.5839055 1.4202657 1.5822740 1.4772030 1.6176595 1.0405664 1.7673169 1.7115761 2.2965468 1.8231099 1.1913815 1.2143806 1.3992338 1.5220779 2.6929604 0.9007429 0.9173080 1.4910398 1.9798806 2.1003822 2.4177231 1.5726888 0.9154695 1.4365327 2.0668290 2.1311364 2.3024936 1.8954109 1.3663879 1.1411252 1.5111915 1.6259837 2.5040265 1.8458719 2.1542565 0.8868225 8.9999981 8.9999981 0.9083030 1.4856658 2.6822876 1.3377337 0.8913331 0.6828747 0.9283106 1.4143380 1.8498268 1.7576932 2.0668290 0.7006062 1.9798806 1.4834575 0.8537883 2.1542565 1.9544374 2.4049877 2.0886896 2.3861031 2.0844004 2.0804795 2.1742164 2.1742164 0.6037337 0.6045065 1.6674581 1.7944525 3.0173208 2.7515272 
AB677488.1  1.4077224 0.9825825 0.9236177 0.0000000 0.9971405 1.7193575 1.3965900 1.9659983 1.4476249 1.9902214 1.9722837 2.2324948 8.0877630 0.9547661 1.4459804 2.3086909 0.9362605 0.9141515 1.0921262 1.4908501 0.9521491 1.0109804 0.6911760 1.5624750 2.4871788 1.3593892 0.4575676 2.1910031 2.0900409 4.4648932 2.9097511 3.1540326 3.0304769 3.1126458 1.7733908 1.4124174 1.7846071 1.7555338 1.4884121 1.5471262 1.1591159 2.4068642 2.4762571 1.9313910 1.5309107 1.1188527 1.1178235 1.5076582 1.4692951 2.7319837 0.5575051 0.5197435 1.5440816 1.9336410 2.2499636 2.6230541 1.5481215 0.8372731 1.3066974 2.1813339 2.2366002 2.0047338 2.2387658 1.5215537 0.9104202 1.4571784 1.6316704 3.0841264 1.8290747 2.1205017 0.5854887 8.9999988 8.9999981 0.5573611 1.2116080 2.7530073 1.4004283 0.4102979 0.9637612 0.5716512 1.0539738 2.7990542 2.4761253 2.1813339 0.9249291 1.9336410 1.5664672 1.4748276 2.1205017 1.8401463 2.3216968 2.6630773 2.6499392 2.5868641 2.6535069 2.7125520 2.7125520 0.9621958 0.9646424 2.6328230 1.9249714 3.5746886 3.3682703 
AF005729.1  1.7890637 0.7926575 0.8433807 0.9971405 0.0000000 1.9341023 1.8884528 2.4448678 1.4828762 2.0866719 1.8377696 1.7762084 6.6768058 0.6668931 1.8865473 3.0138638 1.0230901 0.7162829 1.2904888 2.0209659 0.8100330 1.3324614 1.0276613 1.9150922 2.3944937 1.6406199 1.1865940 1.9082178 1.7411260 4.0698226 4.1002817 4.5159732 4.5189713 4.2201728 2.0478222 2.4473585 2.7628778 1.6824698 1.6136228 1.8564454 1.5993373 2.7193242 2.8538505 2.7889871 2.0471437 1.8725315 1.8733381 2.0034009 1.9778847 2.3235300 1.1148036 1.0507483 1.4110785 2.0479027 2.8253857 2.6395704 2.2353454 0.9560918 1.0689069 2.3556339 2.3869291 2.0305598 2.0913350 1.9962971 0.8328566 1.6800659 1.9462588 3.0437471 1.8067297 1.6808694 0.8604043 8.9999990 7.7278943 0.9521020 1.9604069 1.8416663 1.7718322 1.1861872 0.5810984 0.9086610 1.0016009 2.3837463 2.3608355 2.3556339 1.0183097 2.0479027 1.5868053 0.8311019 1.6808694 1.9070214 2.0893380 2.9333789 2.6257208 2.8062224 2.7348953 2.8917126 2.8917126 0.7596814 0.7596814 2.3838557 2.2863028 3.3221562 3.1372393 
AM998806.1  0.6636980 1.2513337 1.9918198 1.7193575 1.9341023 0.0000000 0.7628251 0.7430790 1.3649542 2.0036832 1.7004241 1.9296831 5.6202527 1.5579775 0.8476078 2.3133585 1.5328248 2.0772078 1.0031867 0.9054788 1.8983982 1.5116852 1.4537963 1.0623683 2.4850210 1.3783625 1.6823886 1.8633829 1.8162248 1.7390901 3.1455035 2.9740133 3.0828941 3.2333402 2.1971479 1.2174193 1.9677913 1.0027316 0.4676681 1.5326266 0.9592853 2.7075632 3.5282139 2.4573771 2.0611083 1.8616353 1.8280532 0.7721869 1.0849850 1.6799693 1.4145447 2.1241201 1.0348821 2.3245836 2.0727915 2.0554647 2.0641603 1.1135431 3.0217028 2.0710248 2.1765710 2.0890197 1.6694059 2.0363528 1.6860922 0.4317873 1.1313071 0.8345458 1.8680276 2.5164622 1.6549869 1.6016031 1.0274452 1.5052162 0.7719035 2.3445795 0.7130077 1.7327061 1.0820544 1.2197068 1.7068749 0.7790649 0.7455514 2.0710248 1.7204200 2.3245836 1.1588272 1.2264523 2.5164622 2.2180640 3.3073787 2.0496000 2.2155658 2.0596510 2.0881868 2.1820349 2.1820349 1.2146863 1.2146863 0.8452594 1.5056332 2.5545456 2.5598762 
AY675354.1  0.1471539 1.4616226 1.4788307 1.3965900 1.8884528 0.7628251 0.0000000 0.8775075 1.2901971 1.9148706 1.9538071 2.1178607 5.1039586 1.4524383 1.0482794 2.1176768 1.4218823 1.4252768 0.9550963 0.6233617 1.4093491 1.5307859 1.5589267 1.0838875 2.5710112 1.3217326 1.4560901 2.1371006 2.0480110 2.9924510 2.3370044 2.1423635 2.0607010 2.1957569 1.7997645 0.9590544 1.6809537 1.3717148 0.6781708 1.1259804 0.8256895 2.0326760 2.0555668 1.8940425 1.6771265 1.2407898 1.2451951 0.9262665 1.1209058 2.0727045 1.4429907 1.4418116 0.9475460 1.8745527 2.1632922 2.1597548 1.5791857 1.4133161 2.3918643 2.0094566 2.1005425 1.9846053 2.0964563 1.3210864 1.7086050 0.6480716 1.1335773 0.8492553 1.7536980 2.0576187 1.4792537 2.0768149 1.6389619 1.4573579 0.8098180 2.0688889 0.3458624 1.3371072 1.5263086 1.4598437 2.0922713 0.4583095 0.4721716 2.0094566 1.4334082 1.8745527 1.1552688 1.7225219 2.0576187 1.8457191 2.1996960 2.1803708 2.4665107 2.2861347 2.0597120 2.1538897 2.1538897 1.4733235 1.4746484 0.6873643 2.0341510 2.6351780 2.6145087 
DQ268652.1  0.7266404 1.5083403 1.6979650 1.9659983 2.4448678 0.7430790 0.8775075 0.0000000 1.5794770 3.1967497 2.4731878 1.8094834 5.5509409 1.8310321 0.7495547 2.3796086 1.6625816 1.6056443 0.9704000 0.9355723 1.6228313 1.7549044 1.5453091 1.1299490 2.8076269 1.9035622 1.8775574 2.2304900 2.1455047 3.3816318 3.9920514 3.9400229 4.0231957 3.7192533 1.5291529 1.3702281 2.5464179 1.0525557 1.1127912 1.4448570 0.8530856 3.2518366 3.1396633 2.6622357 2.1024094 1.7776920 1.7116253 0.9777912 1.2118657 2.4281942 1.6256155 1.6837664 0.9677935 2.0530702 2.5335917 2.7090833 2.4671824 1.2865245 2.9949095 2.4515553 3.0148686 3.1579605 2.1511932 2.5780349 1.9182869 0.8298808 1.5590997 0.9721048 1.7434961 2.4710190 1.5001365 3.3030978 3.1246194 1.6694473 1.0336221 3.2504787 0.7276106 1.9009707 1.4452953 1.6790100 2.1902483 1.1506953 1.0665980 2.4515553 1.6691616 2.0530702 1.3002775 1.9204543 2.4710190 1.9801902 2.6090664 2.9922767 2.8869488 2.9783012 3.0209590 3.1983756 3.1983756 1.5401837 1.5401837 0.9245521 1.7238871 3.4707227 3.4900293 
EF050454.1  1.4132413 1.4840343 2.0520687 1.4476249 1.4828762 1.3649542 1.2901971 1.5794770 0.0000000 1.4915602 1.5624443 1.4073867 6.2351391 1.7059323 1.1916737 2.9659473 1.6821590 1.7956424 0.9164110 1.7089983 1.7275824 1.9074603 1.8071612 1.0499492 3.1568622 2.4536929 1.6237857 2.1175927 2.1046276 3.6071548 2.6586966 2.8269482 2.8240853 2.7326145 2.1960584 1.4580061 2.8483958 1.3931703 1.6585987 0.7734423 1.3476065 3.2872412 4.3096247 3.0421593 2.0376230 1.6107514 1.6948275 1.0115859 1.2917868 2.8619189 1.4358703 1.5229199 0.9898638 2.2412022 2.6959757 2.6905923 2.4757810 1.3286425 2.6819179 2.4200686 2.5863284 1.5246680 2.2216903 2.8157902 1.2319966 1.4055716 1.2219016 1.9110431 2.1075569 2.2135668 1.1457582 4.0440958 3.5332910 1.2667234 1.1241117 3.2271072 1.6463024 1.4066186 1.6139619 1.4360732 2.0436241 1.8957620 1.8862335 2.4200686 1.8490142 2.2412022 1.0726429 1.7225197 2.2135668 2.4122212 3.2141814 2.8274278 2.7028786 2.7896273 2.6149401 2.7214171 2.7214171 2.1157751 2.1157751 1.6012225 2.3735133 3.4108229 3.2735723 
EF641806.1  1.9214215 2.2162851 2.3151884 1.9902214 2.0866719 2.0036832 1.9148706 3.1967497 1.4915602 0.0000000 0.1459395 0.7259306 4.1600969 2.1424310 2.0217473 2.0114264 2.0657731 2.1390579 1.4666533 2.0083328 2.1736446 2.0045127 2.4146567 2.0693306 2.1480658 1.1738716 2.0303193 1.1758575 1.0044898 2.4155761 2.0988196 2.2585951 2.4237275 2.2313182 1.7294035 1.7974885 1.2690870 1.7107515 2.0103201 2.2759062 1.6054239 1.3534518 1.4147427 1.7107277 1.2265328 1.0294302 0.9820405 2.1787968 2.4636052 1.6626657 2.1771860 2.1426102 2.0387101 1.8368653 1.9170787 1.2846353 1.5763689 2.1606990 4.4339529 1.8260144 1.8886662 0.0248838 1.7352440 1.2888658 2.0322259 2.0318994 2.2769220 2.7975400 1.9805909 1.9207708 2.0994881 8.9999989 8.3021242 1.9997698 1.7498160 1.4804985 1.9701725 2.0002197 2.1407718 2.0267485 3.1183906 3.3634440 3.7313008 1.8260144 2.1522566 1.8368653 2.4323586 2.4171664 1.9207708 1.7973936 2.4221430 1.3461853 1.2501066 1.3173411 1.3410114 1.3380272 1.3380272 2.2051192 2.1986157 2.7434065 1.8657074 1.4933032 1.4492443 
EF641807.1  1.9145746 2.1866044 2.3488547 1.9722837 1.8377696 1.7004241 1.9538071 2.4731878 1.5624443 0.1459395 0.0000000 0.7365067 4.7537192 2.1934602 1.9645477 1.9536610 2.0710604 2.1341369 1.4589931 2.0302375 2.2122619 1.9875173 2.2917714 2.1498195 1.8484509 1.1334155 2.0603430 1.1585116 1.0173642 2.2547964 2.2963861 2.3852595 2.5591680 2.3560488 1.7255840 2.2721051 1.2576031 1.8258086 2.0898942 2.2219404 1.5790789 1.3015191 1.3811126 1.3743955 1.1111828 0.9753245 0.9568161 2.2056473 2.4359249 1.2712570 2.1673990 2.1919052 2.0566484 1.7826970 1.8752831 1.3139995 1.6090235 2.1539543 4.0323323 1.9142393 1.8753817 0.1449669 1.7817315 1.1959616 1.9703600 1.9998311 2.2381751 2.8606455 1.9144310 1.9739277 2.0892307 6.5866325 8.3296691 2.0347428 1.6829017 1.6080028 2.0331031 2.0601036 2.2088520 2.0424723 2.5773251 3.3130112 3.4838508 1.9142393 2.2100052 1.7826970 2.4098871 2.2150944 1.9739277 1.7867849 2.5335279 1.2888798 1.2788659 1.2772155 1.3114972 1.2807308 1.2807308 2.2373035 2.2306193 2.4426170 1.8272636 1.4436474 1.4009942 
EU001330.1  2.2535033 2.2779610 2.3075151 2.2324948 1.7762084 1.9296831 2.1178607 1.8094834 1.4073867 0.7259306 0.7365067 0.0000000 3.2164626 2.1997289 2.0553971 1.9287961 2.1817653 2.1575090 1.3636604 2.1283561 2.2681799 2.3803243 2.2585241 2.1927873 1.1489126 1.1210572 2.2868005 1.1826340 1.1356939 1.7507434 1.3045081 1.2300620 1.3106248 1.2356598 1.8167714 1.6364363 1.2098211 1.6061895 2.1701228 2.4104226 1.4007016 1.2227897 1.2644219 1.3550584 1.0519738 0.9000096 0.8886132 2.2607251 2.4573038 1.3358906 2.1614488 2.2139575 2.2989127 1.8321388 1.8638701 1.1693012 1.4931931 2.2184067 4.6599218 2.0015011 1.9215367 0.7403934 1.9720299 1.2873436 2.0407605 2.1267815 2.2179936 2.4931578 1.8700446 1.9795482 2.2322405 8.5542807 7.3487914 2.1163453 1.5025957 1.4302878 2.0475854 2.0708315 2.2363222 2.2258807 3.1427357 2.5008789 2.1669470 2.0015011 2.2133785 1.8321388 2.5445112 2.0707010 1.9795482 1.9645475 2.3091766 1.2388760 1.2552296 1.2268486 1.2725849 1.2268383 1.2268383 2.2439246 2.2418318 1.9135661 1.9490621 1.3853367 1.3638266 
EU424341.1  4.3867564 7.9829945 5.0829142 8.0877630 6.6768058 5.6202527 5.1039586 5.5509409 6.2351391 4.1600969 4.7537192 3.2164626 0.0000000 3.9432762 4.6798092 4.2024222 4.6694846 6.8773419 4.9547495 5.5900516 6.3445381 8.9999988 5.4230628 8.2119976 4.3942355 2.8016476 7.5819722 4.0573762 4.9409513 3.4661284 4.0162658 4.6732133 5.0412470 4.3594927 4.6083070 3.3456561 3.5818555 3.5044748 5.9321309 4.8315988 4.3628357 2.7539555 3.3298275 3.7546297 3.0308115 2.9506595 3.0476916 3.7653638 4.2185475 2.8358137 5.8694122 4.0971926 4.5246807 2.6937380 3.5094312 2.4097251 3.4372204 3.9857155 4.7684048 2.7688311 3.3227069 4.1014472 2.2342028 2.1370244 5.7239105 4.6408741 8.9999983 5.5293500 3.9240257 3.0083359 6.0026852 8.4395511 8.9999990 6.2837530 5.4533415 4.2319873 5.0169227 5.6006917 5.3966597 5.0698973 5.6067082 4.8074590 4.8628879 2.7688311 5.3380699 2.6937380 3.4629632 6.1388068 3.0083359 3.1594554 0.6987065 2.3260733 2.4146571 2.3249394 2.3434527 2.3347317 2.3347317 8.4250406 8.4250406 5.8160814 3.1648709 2.4323103 2.4373005 
EU788002.1  1.5145429 0.7114147 0.6567595 0.9547661 0.6668931 1.5579775 1.4524383 1.8310321 1.7059323 2.1424310 2.1934602 2.1997289 3.9432762 0.0000000 1.3958917 2.0533087 0.6396717 0.6221533 1.1850617 1.4500568 0.6268226 0.9825292 0.7941100 1.6012243 1.9807399 1.5684191 0.9470571 2.2187192 2.0144526 3.0690877 3.5319767 3.8479695 3.5346467 3.7963633 1.8847091 1.4678042 1.3994017 1.6327008 1.4740968 1.5892194 1.1264152 1.9245504 1.8568739 1.7826220 1.2655892 0.9351687 0.9363637 1.4453918 1.6459292 3.1602342 0.9313248 0.9135284 1.4682752 1.8783639 2.0943916 2.0763279 1.5344261 0.9537919 0.9529979 2.0905928 2.1574448 2.1681534 1.9519808 1.2941308 0.8874832 1.5052680 1.6615318 2.4545280 1.8694434 2.0388590 0.9177000 6.5964703 8.4680244 0.9155920 1.4202407 2.3558847 1.4055416 0.8931328 0.5788737 0.9646732 0.9978157 2.1606145 2.1081640 2.0905928 0.6289447 1.8783639 1.5641890 0.7315064 2.0388590 1.8426553 2.3209706 2.2109991 2.3666185 2.2083490 2.0870676 2.2502504 2.2502504 0.6795346 0.6790510 2.0530096 1.8444945 2.8686691 2.5938168 
EU929078.1  1.0244372 1.3783015 1.3028111 1.4459804 1.8865473 0.8476078 1.0482794 0.7495547 1.1916737 2.0217473 1.9645477 2.0553971 4.6798092 1.3958917 0.0000000 2.0023601 1.3075266 1.4573692 0.4257992 1.0507190 1.3629472 1.4716078 1.1231253 0.8880983 1.8838743 1.2240479 1.4419946 1.9755119 1.8781367 1.7591478 2.3079629 2.2011130 2.2379598 2.1734859 1.7897842 0.6693382 1.4314061 1.0164216 1.0405561 0.9402521 0.5877658 1.7500620 1.8592891 1.6747268 1.6443914 1.1310677 1.1467391 0.6753758 0.6628535 1.7894415 1.3268737 1.4124318 0.6500544 1.9380818 1.9988958 1.8211379 1.4388019 1.3629474 2.2669040 1.7876346 2.0002800 2.0300866 1.7236165 1.2933508 1.3665581 1.0431817 1.0420311 1.3453346 1.8582782 1.9205374 1.4036744 2.3927708 2.1932651 1.4233928 0.6733042 1.7848473 1.0834095 1.3484659 1.4390088 1.3686794 1.8616183 1.3350601 1.1765081 1.7876346 1.4409391 1.9380818 0.8186943 1.5374782 1.9205374 1.8437855 2.1174316 1.7571804 1.8266419 1.7367565 1.7898584 1.8691942 1.8691942 1.3712644 1.3727300 1.1083429 1.8760425 2.1100517 2.0453785 
FJ593498.1  2.1451133 2.0622164 2.0790372 2.3086909 3.0138638 2.3133585 2.1176768 2.3796086 2.9659473 2.0114264 1.9536610 1.9287961 4.2024222 2.0533087 2.0023601 0.0000000 1.9838261 2.1878260 1.9195313 1.9542714 2.0155895 1.9451911 1.7491560 2.2432479 1.7942579 1.0805511 2.1827969 2.1511224 1.8794722 1.5094119 1.9062660 1.9690299 1.9314346 1.7985703 1.5130419 2.2089725 0.2337665 1.5976999 1.9780029 2.2234585 1.5763159 0.2345510 0.3002525 1.6111409 1.3069413 0.9345948 0.9610519 1.9291184 2.3095679 1.1875151 2.1275433 2.1221808 1.9906595 1.4871409 0.2250836 1.3473302 1.1794701 1.9575843 3.4900313 1.7473420 0.2240577 2.0493975 1.6440158 0.6434852 2.6435776 2.0237266 2.2483025 3.0347715 1.6242731 1.8043590 2.1750265 8.6511199 8.9999985 2.2231797 1.7346309 1.7880835 2.0129816 2.0823688 2.4279069 2.1486827 2.2748220 3.6949576 3.4366191 1.7473420 2.0788857 1.4871409 2.4441542 2.4300471 1.8043590 1.5067357 2.1136458 1.4933845 1.5004322 1.4938910 1.5146906 1.5233115 1.5233115 2.0363486 2.0356816 2.2471194 1.5414793 1.4056292 1.4398297 
FJ858378.1  1.4101499 0.7201473 0.6831733 0.9362605 1.0230901 1.5328248 1.4218823 1.6625816 1.6821590 2.0657731 2.0710604 2.1817653 4.6694846 0.6396717 1.3075266 1.9838261 0.0000000 0.6377492 1.4473037 1.3760661 0.4256557 0.9365844 0.9078643 1.6650327 1.6600039 1.5344978 0.9303628 2.3280856 2.1187469 4.2824910 2.4994187 2.4714375 2.2932940 2.3518732 1.7909481 1.5077244 1.3703982 1.7460513 1.4533106 1.7069063 1.1783581 1.7698236 1.7286408 1.6837598 1.3174709 1.0104407 0.9913099 1.3999604 1.4572409 2.4058406 0.9229995 0.9275291 1.5051456 1.9878625 2.1099239 1.9497184 1.5635944 0.8894194 0.9188214 2.0371713 2.0565669 2.1002523 1.8880676 1.4944084 0.8191855 1.4775862 1.6066659 2.7288722 1.9167119 2.1075823 0.9710359 8.6089572 8.2289682 0.9377491 1.4475962 1.9032643 1.4251346 0.9179991 0.6275064 0.9261168 1.0119730 2.3490335 2.3196148 2.0371713 0.4025100 1.9878625 1.5495141 1.0089894 2.1075823 1.8153834 2.2261577 1.9798274 1.9389351 2.0172824 1.8867067 1.9873743 1.9873743 0.6533098 0.6517010 2.2209824 1.8049194 2.1586148 2.2127571 
GQ200821.1  1.4314901 0.7087393 0.6873214 0.9141515 0.7162829 2.0772078 1.4252768 1.6056443 1.7956424 2.1390579 2.1341369 2.1575090 6.8773419 0.6221533 1.4573692 2.1878260 0.6377492 0.0000000 1.3186396 1.5133593 0.6414694 0.9771085 1.0201563 1.6010311 2.4256831 1.4631131 0.9584317 2.3497992 1.9775503 3.9898958 2.6663687 2.8838951 2.7731529 2.8466660 1.8134333 1.5737715 1.4450783 1.8221750 1.4595401 1.6426303 1.1028721 2.1865223 1.9561324 2.1529000 1.4919184 1.0897079 1.0949802 1.4588168 1.5430746 2.8801743 0.9221133 0.8728974 1.4973907 1.8696445 2.1795851 2.8048847 1.4017272 0.9036539 1.2479230 2.1263257 2.2334738 2.1708382 1.9479642 1.4221890 0.9261955 1.5265983 1.5881169 2.5004940 1.9079030 2.2653693 0.8661399 8.9999988 7.6525001 0.8974473 1.3515910 2.1165485 1.4520121 0.8671445 0.6207436 0.8760019 1.1427121 2.5173129 2.3554910 2.1263257 0.6168987 1.8696445 1.5944642 0.9869581 2.2653693 1.8463470 2.3921685 2.2931122 2.8273904 2.3695551 2.4131474 2.4663197 2.4663197 0.6675274 0.6680256 1.9288449 1.8861069 2.7869159 2.7948669 
GU566021.1  0.8105931 1.4846351 1.2140037 1.0921262 1.2904888 1.0031867 0.9550963 0.9704000 0.9164110 1.4666533 1.4589931 1.3636604 4.9547495 1.1850617 0.4257992 1.9195313 1.4473037 1.3186396 0.0000000 0.9896240 1.2309748 1.4049191 1.2760798 0.5390703 2.6684431 1.6272352 1.1894615 2.0263344 1.1886957 2.1011345 2.2803945 2.3146102 2.1478261 2.2032203 1.2475046 0.5565277 1.8311099 0.7713174 0.9159810 0.8369721 0.4283810 2.0892495 1.8874890 1.8548185 1.2128043 1.0631910 1.1157349 0.8477227 0.5297646 2.2673807 0.9504908 1.0298933 0.3785582 1.2035920 1.6724790 1.5533862 1.5144430 1.0220399 2.0412032 1.7101861 1.8135224 1.5312181 1.2892359 1.1842650 1.3392342 0.8096794 1.0987180 1.2783636 1.2555704 1.3972138 0.9808908 3.4871695 3.8112937 1.2386152 0.6876914 1.7454526 0.8466949 1.2324259 1.2077965 0.9368513 1.2757208 1.1163812 1.0194104 1.7101861 1.2961353 1.2035920 0.8026496 1.8588516 1.3972138 1.5497650 1.8454979 1.6426352 1.6295232 1.5884564 1.5876686 1.7072981 1.7072981 1.4779892 1.4779892 1.0684869 1.5473233 2.0918134 2.0463183 
GU904045.1  0.6328800 1.4612975 1.3355469 1.4908501 2.0209659 0.9054788 0.6233617 0.9355723 1.7089983 2.0083328 2.0302375 2.1283561 5.5900516 1.4500568 1.0507190 1.9542714 1.3760661 1.5133593 0.9896240 0.0000000 1.3989579 1.4658277 1.6076354 1.1264380 2.7310951 1.5124490 1.3738980 2.1489432 2.0345579 2.0931098 2.3330333 2.5205047 2.4695060 2.4881108 1.7994843 1.0195795 1.5729338 1.6598659 0.6290250 1.1218876 0.9418527 1.6552176 1.5454167 1.7775894 1.4012105 1.0753512 1.0700249 0.9595748 1.0403250 2.5825215 1.4089266 1.4305587 1.0060451 1.8471849 1.9387530 1.9459481 1.3800076 1.4583736 3.3754799 1.9280017 1.9500094 2.0121453 1.9994195 1.4805741 1.8856185 0.6489399 1.2297344 1.0372790 1.7592051 2.0984868 1.4307038 0.3207613 0.2812505 1.4615343 0.8219888 2.5043597 0.6247934 1.3180041 1.4874702 1.4265775 1.9154237 1.0188407 0.9876656 1.9280017 1.4571005 1.8471849 1.2535583 1.7251430 2.0984868 1.8728291 2.1985806 2.4134469 1.9784503 2.3428627 2.2801439 2.3834149 2.3834149 1.4167638 1.4233748 0.8648916 1.8913209 2.2598522 2.1898006 
GU997097.1  1.4126465 0.6948123 0.7016084 0.9521491 0.8100330 1.8983982 1.4093491 1.6228313 1.7275824 2.1736446 2.2122619 2.2681799 6.3445381 0.6268226 1.3629472 2.0155895 0.4256557 0.6414694 1.2309748 1.3989579 0.0000000 0.9525066 0.8561296 1.6256730 2.2344123 1.3709308 0.9349661 2.3276790 2.0528352 3.0018065 2.7125901 3.0475693 2.9310880 2.8935983 1.8727251 1.5760407 1.4762554 1.6074675 1.5520396 1.6950597 1.0303703 1.8461405 1.9076635 1.7444453 1.4858226 1.0937764 1.0756182 1.4386507 1.6391251 2.4204974 0.9381954 0.9293302 1.4522697 1.9513021 2.1391274 1.9314216 1.5783200 0.9045212 1.5148770 2.0135364 2.0921832 2.1926209 1.9773746 1.4745458 0.9343847 1.5075511 1.6152832 4.0054730 1.8772342 2.1355683 0.9331612 8.4510030 8.9999981 0.9176178 1.4419860 3.0116479 1.4014492 0.9057341 0.6238521 0.9298980 1.1476559 2.3821398 2.4769857 2.0135364 0.3930613 1.9513021 1.7019880 0.9497558 2.1355683 1.9543302 2.2089681 2.2492256 2.1606863 2.2146696 2.1801093 2.2773305 2.2773305 0.6878867 0.6873826 3.4737355 1.8402379 2.5155311 2.4383059 
HM015222.1  1.5041081 0.9612428 0.9981347 1.0109804 1.3324614 1.5116852 1.5307859 1.7549044 1.9074603 2.0045127 1.9875173 2.3803243 8.9999988 0.9825292 1.4716078 1.9451911 0.9365844 0.9771085 1.4049191 1.4658277 0.9525066 0.0000000 0.8792578 1.4673243 1.9861111 1.2337090 0.9664418 2.4262180 1.9167095 2.2296863 2.5338936 2.8438457 2.8947567 2.6025746 1.8535965 1.3573194 1.3271384 1.8157262 1.4520082 1.5710158 1.1665312 1.5702684 1.7557977 1.8299267 1.3374329 1.1412866 1.1285708 1.4657375 1.6489742 2.0006953 1.0105098 1.0190940 1.6227553 1.8955309 1.9976551 2.4876644 1.6900759 1.0170705 1.5573996 2.0085331 1.9150476 2.0279539 1.8673135 1.4636878 0.9290960 1.5158062 1.6054241 2.0412872 1.9474414 2.1429749 1.0583032 8.9999987 5.9317395 0.9913260 1.1842417 1.8116925 1.5345431 0.9504856 0.9283807 1.0131947 1.0415859 2.3602570 2.0760151 2.0085331 0.9594788 1.8955309 1.6333967 1.2852806 2.1429749 1.8591033 2.4125772 2.4875399 2.5509720 2.4328975 2.4184005 2.5536440 2.5536440 0.9296679 0.9284788 1.5208934 1.8758224 2.9909845 2.8261534 
HQ728461.1  1.5665793 0.9280086 1.0997647 0.6911760 1.0276613 1.4537963 1.5589267 1.5453091 1.8071612 2.4146567 2.2917714 2.2585241 5.4230628 0.7941100 1.1231253 1.7491560 0.9078643 1.0201563 1.2760798 1.6076354 0.8561296 0.8792578 0.0000000 1.4194560 2.3739571 2.1315808 0.6205302 2.9352072 1.8752980 2.7030735 3.0639610 3.3164560 3.1885269 3.1484384 1.6707622 1.6528604 1.9149443 1.6494579 1.7423436 1.5915257 1.3900384 2.2095398 2.4195208 2.3133599 1.6762590 1.3595713 1.4516099 1.2960857 1.4549941 3.2441184 0.7386249 0.7264981 1.0549222 1.6709688 1.9984276 1.9050649 1.8057524 0.7976135 0.3888043 2.1908070 1.8173261 2.3266735 1.5786314 1.8154596 0.6423355 1.1377757 2.2757060 2.4452933 1.6648521 2.7477070 0.5861048 8.9999982 8.9999990 0.6133211 1.5103054 2.6549436 1.5962165 0.6230653 0.8264979 0.5258026 0.2049578 1.8301953 1.8465991 2.1908070 0.8982985 1.6709688 1.8085432 0.6443283 2.7477070 1.9677252 2.1294109 1.9260274 2.0612831 1.9335903 2.0062788 2.0489210 2.0489210 1.0168240 1.0168240 2.0449976 1.7464415 2.3625472 2.2901486 
HQ834697.1  1.1184289 1.5605459 1.5692009 1.5624750 1.9150922 1.0623683 1.0838875 1.1299490 1.0499492 2.0693306 2.1498195 2.1927873 8.2119976 1.6012243 0.8880983 2.2432479 1.6650327 1.6010311 0.5390703 1.1264380 1.6256730 1.4673243 1.4194560 0.0000000 2.6696423 1.2649412 1.5219435 2.2570005 1.9634708 2.8750197 3.6925594 3.1594204 3.2194173 3.5953148 1.9936969 1.0020720 1.5904574 1.1961033 1.1288518 0.7892292 0.7481534 1.9385272 2.0664885 1.9369753 1.6134708 1.3036650 1.3025699 0.9197274 0.9646173 2.6079585 1.6602485 1.5988584 0.9164604 1.9269387 2.3470511 1.6975894 1.8288535 1.5067534 2.9747488 1.9765046 2.2791886 2.1284092 1.9951492 1.4968198 1.6316907 1.1963028 1.2039024 1.2856548 1.9590098 2.2548603 1.5776504 4.3909877 3.7267092 1.6382628 0.7680053 2.4930311 1.1845612 1.6274971 1.6347852 1.5587882 1.9969402 1.1059283 0.9998924 1.9765046 1.7089043 1.9269387 1.1671309 1.3649036 2.2548603 2.0243197 2.3392371 1.8001290 1.7664307 1.7414699 1.7533160 1.8317005 1.8317005 1.4927694 1.4924357 1.1260602 2.1705690 1.9377509 1.9397391 
JN037851.1  2.4853022 2.3684381 2.7435069 2.4871788 2.3944937 2.4850210 2.5710112 2.8076269 3.1568622 2.1480658 1.8484509 1.1489126 4.3942355 1.9807399 1.8838743 1.7942579 1.6600039 2.4256831 2.6684431 2.7310951 2.2344123 1.9861111 2.3739571 2.6696423 0.0000000 1.7882197 2.3439273 1.7495655 1.8127373 2.1516754 1.9248924 1.9630484 2.0296729 1.9738107 1.0429226 2.2496446 2.0315176 2.3468156 2.9607838 2.7615862 2.6147458 1.7197811 1.6450333 1.0720695 1.1313995 1.0732958 1.0609117 2.8601242 2.3413868 1.8677245 2.1158461 2.0487317 2.0117773 1.3412226 2.1670538 0.9460397 1.3091759 2.4318860 3.4907831 2.0850241 1.5426651 2.1004081 0.9748051 1.7166918 2.0717296 2.5937417 3.6138437 4.3500863 1.8283194 1.6016341 2.1784229 8.9999980 8.9999989 2.0433006 3.5370365 1.4659529 2.8456872 3.0019502 2.6850116 2.0982006 1.9428052 3.8301778 4.1871329 2.0850241 2.0083008 1.3412226 1.7941749 3.0481124 1.6016341 0.9638613 2.0386437 1.0030836 0.9187290 0.9901858 1.0385767 1.0144915 1.0144915 2.7953507 2.7953507 3.2605413 1.7228318 1.1494633 1.0750474 
JQ287716.2  1.2800573 1.3920624 1.4168075 1.3593892 1.6406199 1.3783625 1.3217326 1.9035622 2.4536929 1.1738716 1.1334155 1.1210572 2.8016476 1.5684191 1.2240479 1.0805511 1.5344978 1.4631131 1.6272352 1.5124490 1.3709308 1.2337090 2.1315808 1.2649412 1.7882197 0.0000000 1.3455900 1.3002959 1.1129359 1.0543435 1.5609544 1.6173039 1.6425380 1.5993528 1.1208832 1.8182076 0.9915367 1.5504571 1.3118014 1.4659391 1.2187495 1.1395993 1.1533633 1.3924113 1.3215807 1.1116826 1.1088563 1.2029864 1.2979310 0.0000010 1.3635882 1.3251477 1.3713371 1.0587558 1.1317252 1.0930729 0.8903193 1.2643221 3.6244817 1.0935348 1.1120278 1.1642898 0.8242852 0.9680803 2.3773641 1.3588664 1.4488246 2.0720049 1.0589381 1.0678051 1.2357965 4.2667421 5.1802926 1.3531289 1.4217625 1.0722356 1.3635808 1.3342378 1.4746568 1.3130133 2.7427036 1.9828581 1.9914527 1.0935348 1.5987136 1.0587558 1.3076070 2.5376459 1.0678051 1.0254238 1.3850871 1.2816225 1.0974932 1.2527049 1.2349317 1.2418572 1.2418572 1.4542198 1.4542198 1.6339031 1.0621485 1.3089635 1.3102362 
JX028271.1  1.4099764 0.9875888 0.9922651 0.4575676 1.1865940 1.6823886 1.4560901 1.8775574 1.6237857 2.0303193 2.0603430 2.2868005 7.5819722 0.9470571 1.4419946 2.1827969 0.9303628 0.9584317 1.1894615 1.3738980 0.9349661 0.9664418 0.6205302 1.5219435 2.3439273 1.3455900 0.0000000 2.2099103 1.9525292 4.0930424 2.6729343 2.7638075 2.6577061 2.6781923 1.7603930 1.3449033 1.4609553 1.6884554 1.4948800 1.6200443 1.0158531 1.8390217 1.9350116 1.8357082 1.6619013 1.1565423 1.1444264 1.4530800 1.4640873 2.4095918 0.5734715 0.5461206 1.5826070 1.7534359 2.2142117 1.8868801 1.6073189 0.8240929 0.8860138 1.9538428 2.2598376 2.0264306 2.0377464 1.5516741 0.6919976 1.5497458 1.6209322 3.4598132 1.7744121 2.1882535 0.5939843 8.9999983 8.9999989 0.5785573 1.3485586 2.5337293 1.4419878 0.4669926 0.9545781 0.5371003 0.7488538 2.1823008 2.3168254 1.9538428 0.9141301 1.7534359 1.6240816 1.0086948 2.1882535 1.8474177 2.1549673 1.9930780 1.8274483 1.9587168 2.0489361 2.0750405 2.0750405 0.9676564 0.9688556 2.7784115 1.8687245 2.1611592 2.0935348 
JX193697.1  2.1427156 2.3037323 2.1335252 2.1910031 1.9082178 1.8633829 2.1371006 2.2304900 2.1175927 1.1758575 1.1585116 1.1826340 4.0573762 2.2187192 1.9755119 2.1511224 2.3280856 2.3497992 2.0263344 2.1489432 2.3276790 2.4262180 2.9352072 2.2570005 1.7495655 1.3002959 2.2099103 0.0000000 1.0479402 3.0127735 2.0868775 1.8922647 2.0256897 1.9698927 1.8321764 1.9955834 1.3697261 1.9010863 1.9749944 2.3424365 1.5705950 1.5699106 1.7214282 1.8606034 1.6378489 1.1971303 1.1861794 2.2410744 2.4389610 2.4258201 2.3545914 2.2930751 2.0896249 1.9182497 2.1288996 1.3230364 1.6850498 2.2662023 4.7415095 2.0698840 2.1196231 1.1886829 1.7458194 1.5870447 3.1480677 2.1067411 2.1930769 4.2109336 2.0032808 1.9219675 2.2430311 7.0929725 6.9924262 2.1657415 1.6892834 2.0711617 2.1421494 2.1066831 2.2298553 2.1898165 3.2368707 3.1827661 3.0860030 2.0698840 2.2064974 1.9182497 2.2837666 2.2536429 1.9219675 1.8976437 2.3872842 1.2330481 1.3414492 1.2211289 1.2777788 1.2483347 1.2483347 2.2584589 2.2530991 2.8586424 2.1066797 1.3441315 1.4495350 
JX193700.1  2.0493324 2.2239552 2.1639266 2.0900409 1.7411260 1.8162248 2.0480110 2.1455047 2.1046276 1.0044898 1.0173642 1.1356939 4.9409513 2.0144526 1.8781367 1.8794722 2.1187469 1.9775503 1.1886957 2.0345579 2.0528352 1.9167095 1.8752980 1.9634708 1.8127373 1.1129359 1.9525292 1.0479402 0.0000000 2.3287188 2.0611713 2.1573132 2.3140770 2.1147050 1.6591021 1.7453108 1.2098501 1.9942185 1.9126600 2.0412249 1.5068811 1.4031876 1.5788051 1.6105578 1.1109532 0.9111484 0.9245991 1.9380731 2.2788242 2.5943156 2.0586063 2.0506153 1.9341618 1.8058339 1.8266925 1.5523236 1.6973383 2.0116014 2.6235074 1.8861903 1.8000745 1.0017598 1.6160842 1.2122023 1.8821513 1.9883619 2.1771817 2.3626057 1.9879876 1.9337738 1.9680638 5.3091817 7.5588490 2.1169056 1.3929132 1.6688979 2.1491548 1.9801000 2.2309495 1.9186440 2.1582610 2.1622175 2.2110304 1.8861903 2.0050008 1.8058339 2.1839264 1.8932195 1.9337738 1.7965249 2.1922401 1.4536900 1.6041692 1.4878874 1.4371740 1.4768890 1.4768890 2.1002689 2.0969531 1.8715672 1.8889148 1.6736969 1.7157163 
JX465369.1  2.5566691 3.2434717 3.4024738 4.4648932 4.0698226 1.7390901 2.9924510 3.3816318 3.6071548 2.4155761 2.2547964 1.7507434 3.4661284 3.0690877 1.7591478 1.5094119 4.2824910 3.9898958 2.1011345 2.0931098 3.0018065 2.2296863 2.7030735 2.8750197 2.1516754 1.0543435 4.0930424 3.0127735 2.3287188 0.0000000 2.8203159 2.7635958 2.8821956 2.9734275 1.8225393 3.5107040 1.5264391 2.2710322 2.1233931 1.9875655 3.1918632 1.7378027 1.7138260 2.4797160 1.6765659 1.5579625 1.5692747 1.9071497 2.9941877 1.1601587 3.3324050 3.6275931 2.0971037 1.9776672 1.3233482 1.3293712 1.9791024 3.0308965 3.6964517 1.6907956 1.7732916 2.4319347 1.3561911 1.3809286 3.3948746 2.3799054 2.0861996 3.3310367 1.6283975 2.1568275 3.2231213 3.5540488 6.3402936 3.5301180 2.0645757 1.7261517 2.1157732 3.7956726 2.9897468 2.4669449 2.8011471 3.1544031 3.2445685 1.6907956 2.8511216 1.9776672 2.4632472 3.4644276 2.1568275 2.1577224 2.5004504 1.3479107 1.4113191 1.3655894 1.4100581 1.4062918 1.4062918 3.1984235 3.1984235 2.4770727 1.6359458 1.4779365 1.3939311 
JX465379.1  2.4124171 3.7631566 2.8814323 2.9097511 4.1002817 3.1455035 2.3370044 3.9920514 2.6586966 2.0988196 2.2963861 1.3045081 4.0162658 3.5319767 2.3079629 1.9062660 2.4994187 2.6663687 2.2803945 2.3330333 2.7125901 2.5338936 3.0639610 3.6925594 1.9248924 1.5609544 2.6729343 2.0868775 2.0611713 2.8203159 0.0000000 0.0356149 0.0401460 0.0084893 1.8780658 2.6565624 2.6336548 2.2169228 2.9892847 4.3024870 3.3051813 1.7099834 2.7131842 1.6707784 2.1493750 2.0876974 2.2129274 2.2143155 2.8030326 1.5609544 2.4784685 2.7493472 2.2792850 2.0788466 2.4585254 0.7806928 2.3739689 3.0383560 4.1158751 1.9421234 1.8541587 2.1318378 0.7510665 2.0665491 2.2113057 3.1761134 3.5865822 3.2184051 1.7339542 2.0492084 2.5354677 5.1151137 4.3294679 1.9108532 2.5687195 1.9970950 3.2701913 2.9972940 3.9789639 2.2395262 3.3666568 3.4524255 2.8213182 1.9421234 2.7770641 2.0788466 2.5194513 4.2009484 2.0492084 1.8709227 2.6030745 0.8133968 0.8062728 0.7858270 0.7797335 0.8062435 0.8062435 2.5916255 2.5916255 2.6017325 1.0952594 0.9354503 0.9353148 
JX465381.1  2.4961353 3.9268966 2.7398175 3.1540326 4.5159732 2.9740133 2.1423635 3.9400229 2.8269482 2.2585951 2.3852595 1.2300620 4.6732133 3.8479695 2.2011130 1.9690299 2.4714375 2.8838951 2.3146102 2.5205047 3.0475693 2.8438457 3.3164560 3.1594204 1.9630484 1.6173039 2.7638075 1.8922647 2.1573132 2.7635958 0.0356149 0.0000000 0.0127548 0.0260243 1.7344718 2.7629192 2.6723870 2.2217648 2.7866083 4.2113188 3.1405053 1.7049403 2.6522871 1.8238218 2.4875677 2.4135073 2.4273221 2.1276006 2.8816062 1.6173039 2.2776111 2.7544710 2.4146875 2.2758737 2.4056412 0.8416015 2.4669738 2.9870684 4.0457920 1.9816026 1.8168871 2.2947108 0.7552986 2.1240534 2.4290436 3.0635759 3.9012134 3.2181659 1.8614947 1.8279613 2.6015672 5.6939013 4.3475374 2.1339406 2.5122370 2.1091686 3.2751692 2.9602320 3.8071117 2.2150784 3.7189105 3.4265036 2.8400703 1.9816026 2.8383946 2.2758737 2.7234190 4.3096053 1.8279613 2.1568551 2.7084721 0.8181788 0.8399803 0.7904879 0.8124409 0.8109662 0.8109662 2.4687761 2.4687761 2.7092687 1.0986881 0.9407579 0.9406352 
JX465382.1  2.3989624 3.7731845 2.7368682 3.0304769 4.5189713 3.0828941 2.0607010 4.0231957 2.8240853 2.4237275 2.5591680 1.3106248 5.0412470 3.5346467 2.2379598 1.9314346 2.2932940 2.7731529 2.1478261 2.4695060 2.9310880 2.8947567 3.1885269 3.2194173 2.0296729 1.6425380 2.6577061 2.0256897 2.3140770 2.8821956 0.0401460 0.0127548 0.0000000 0.0304305 1.7618450 2.6592605 2.7179500 2.3892773 2.8906896 4.5830769 2.9062614 1.7320658 2.6978440 1.7897505 2.5295853 2.4537654 2.4681426 2.0858978 2.7686191 1.6425380 2.1932585 2.6493354 2.3232839 2.3132038 2.4460814 0.8965484 2.5536197 3.0415221 3.8739046 2.0140485 1.7827289 2.4630334 0.8039531 2.1587754 2.3382740 3.3080636 3.9817188 3.2818409 1.8912062 1.9557028 2.5038714 6.1620959 4.6662423 2.0548944 2.4607127 2.1432536 3.3382787 2.8470667 3.8842469 2.0582919 3.4285976 3.2840009 2.7278052 2.0140485 2.7792924 2.3132038 2.9321882 4.7119658 1.9557028 2.1921209 2.9116442 0.8724384 0.8955681 0.8435500 0.8662009 0.8645533 0.8645533 2.3765859 2.3765859 2.7581705 1.0638141 1.0035726 1.0035875 
JX465383.1  2.3271290 3.8670514 2.8101207 3.1126458 4.2201728 3.2333402 2.1957569 3.7192533 2.7326145 2.2313182 2.3560488 1.2356598 4.3594927 3.7963633 2.1734859 1.7985703 2.3518732 2.8466660 2.2032203 2.4881108 2.8935983 2.6025746 3.1484384 3.5953148 1.9738107 1.5993528 2.6781923 1.9698927 2.1147050 2.9734275 0.0084893 0.0260243 0.0304305 0.0000000 1.7747702 2.7280746 2.4799628 2.2768757 2.9135581 4.4251225 3.0984294 1.6156921 2.5521089 1.7723096 2.2854180 2.2188295 2.3537727 2.2194006 2.7331335 1.5993528 2.3326007 2.8251194 2.3408706 2.1702284 2.3151815 0.8273791 2.4364116 3.1229315 4.0020926 1.9925356 1.7509289 2.2668841 0.7951544 2.1200287 2.3541007 3.2653176 3.8501500 3.3145165 1.8400087 1.9351263 2.4749874 5.6862093 4.8041517 2.0326062 2.5739359 2.0129411 3.3639249 2.9231036 4.0940636 2.1103372 3.4602356 3.3117740 2.6433903 1.9925356 2.8541555 2.1702284 2.6369013 4.5402665 1.9351263 1.9862233 2.7720177 0.8626659 0.8551035 0.8339632 0.8270220 0.8548956 0.8548956 2.4377717 2.4377717 2.6744271 1.0378654 0.9582175 0.9581343 
JX912953.2  1.8303935 1.8518006 1.8942151 1.7733908 2.0478222 2.1971479 1.7997645 1.5291529 2.1960584 1.7294035 1.7255840 1.8167714 4.6083070 1.8847091 1.7897842 1.5130419 1.7909481 1.8134333 1.2475046 1.7994843 1.8727251 1.8535965 1.6707622 1.9936969 1.0429226 1.1208832 1.7603930 1.8321764 1.6591021 1.8225393 1.8780658 1.7344718 1.7618450 1.7747702 0.0000000 1.5814874 1.1594919 1.6327065 1.9067052 1.9415129 1.4749321 1.6465610 1.3359195 0.2890344 0.4128654 0.3800107 0.3938766 1.7813042 1.9557350 1.8590937 1.8056443 1.6898835 1.8982368 0.8502754 1.5348274 1.8219778 0.7257865 1.8140438 2.8178400 1.2771694 1.4631804 1.7634848 1.5571565 0.9863250 2.6806744 1.9458527 1.8553186 3.1813030 0.9232671 1.3221912 1.7047184 6.2626301 7.4382679 1.8095095 1.3153355 1.2990724 1.8455203 1.7517363 1.8848690 1.7487247 1.9793949 2.8201703 2.6786486 1.2771694 1.7582665 0.8502754 2.1008058 2.2083637 1.3221912 0.4236338 1.7158451 1.7404757 1.8286681 1.7206815 1.8533383 1.8085107 1.8085107 1.8788526 1.8712320 2.2269911 1.3059649 1.9948302 1.9356212 
JX990941.1  1.0104390 1.4746227 1.5839055 1.4124174 2.4473585 1.2174193 0.9590544 1.3702281 1.4580061 1.7974885 2.2721051 1.6364363 3.3456561 1.4678042 0.6693382 2.2089725 1.5077244 1.5737715 0.5565277 1.0195795 1.5760407 1.3573194 1.6528604 1.0020720 2.2496446 1.8182076 1.3449033 1.9955834 1.7453108 3.5107040 2.6565624 2.7629192 2.6592605 2.7280746 1.5814874 0.0000000 1.8144312 1.0224599 0.9925732 0.9666254 0.6266741 1.8638421 1.9005096 2.3757354 1.5504086 1.4337761 1.4566132 0.7514846 0.4454070 2.7521525 1.3772010 1.3493823 0.4935383 1.4471533 1.9171159 2.1686393 2.6894323 1.6273645 2.0172195 1.6150673 2.0942137 1.9126111 1.6737605 2.5130329 1.3260636 0.7895323 0.9817624 1.2810745 1.4309457 1.4645012 1.3422113 2.8906147 4.5754444 1.0290608 0.6493917 2.5656028 1.0047036 0.9816019 1.3862945 1.2707749 1.4489872 1.0449551 1.0072170 1.6150673 1.4852962 1.4471533 0.8709388 2.0054014 1.4645012 1.4310620 1.5702821 2.2900549 2.2024538 2.3050649 2.2814252 2.3826162 2.3826162 1.6798716 1.6798716 1.1846334 1.9418719 2.5061003 2.5113470 
JX990946.1  1.7556298 1.2916163 1.4202657 1.7846071 2.7628778 1.9677913 1.6809537 2.5464179 2.8483958 1.2690870 1.2576031 1.2098211 3.5818555 1.3994017 1.4314061 0.2337665 1.3703982 1.4450783 1.8311099 1.5729338 1.4762554 1.3271384 1.9149443 1.5904574 2.0315176 0.9915367 1.4609553 1.3697261 1.2098501 1.5264391 2.6336548 2.6723870 2.7179500 2.4799628 1.1594919 1.8144312 0.0000000 1.5267244 1.3902859 1.5906366 1.3806788 0.2403163 0.2986221 1.9803072 1.2631822 1.0630059 1.0740246 1.3867897 1.4682505 1.0157919 1.3003773 1.6137564 1.5565202 0.9664083 0.0338029 1.4451245 1.3817931 1.2845828 2.4484100 0.9632720 0.2041364 1.2926959 1.1297900 0.4420607 2.6885131 1.4893210 1.8577911 2.7272726 1.0457736 1.2580218 1.3508335 8.0617647 8.9999988 1.4913448 1.8820565 1.5157431 1.5492625 1.5110432 1.4133085 1.4108744 2.7964564 3.1480005 3.0188346 0.9632720 1.2479347 0.9664083 1.5053997 2.6587643 1.2580218 1.1562629 1.3395227 1.3223098 1.4757215 1.3206779 1.4058536 1.4136768 1.4136768 1.3625462 1.3625462 2.1480407 1.0805455 1.4261896 1.3726436 
JX990965.1  1.4542507 1.5993491 1.5822740 1.7555338 1.6824698 1.0027316 1.3717148 1.0525557 1.3931703 1.7107515 1.8258086 1.6061895 3.5044748 1.6327008 1.0164216 1.5976999 1.7460513 1.8221750 0.7713174 1.6598659 1.6074675 1.8157262 1.6494579 1.1961033 2.3468156 1.5504571 1.6884554 1.9010863 1.9942185 2.2710322 2.2169228 2.2217648 2.3892773 2.2768757 1.6327065 1.0224599 1.5267244 0.0000000 1.1806834 1.3812296 0.8159250 1.5578777 1.8628132 2.2875113 1.5150176 1.5341327 1.5343728 1.1116891 1.1961342 1.8741902 1.7991521 1.7533159 1.0067940 1.5221985 1.5243529 1.7795701 1.7850066 1.4926412 2.1307724 1.9843469 1.7634811 1.7083740 1.4597631 2.6904452 1.8172686 1.2646914 1.5015739 0.9705368 1.8346330 1.5042917 1.6057926 2.3495236 2.9584885 1.4839454 1.0861730 2.1055453 1.3611050 1.7141166 1.2936555 1.5316464 1.9483495 0.9192748 0.8334430 1.9843469 1.4353505 1.5221985 1.2190918 2.0033278 1.5042917 1.4730897 1.0517313 1.6266050 1.8173624 1.6290434 1.5528440 1.6704337 1.6704337 1.7516339 1.7516339 0.8627100 1.5888455 2.0991147 1.9692020 
